-1136.000000,-253.000000,822.000000
-1110.000000,-152.000000,935.000000
-1026.000000,-37.000000,967.000000
-932.000000,75.000000,958.000000
-841.000000,150.000000,905.000000
-772.000000,157.000000,861.000000
-686.000000,171.000000,857.000000
-618.000000,164.000000,813.000000
-664.000000,124.000000,728.000000
-743.000000,134.000000,635.000000
-786.000000,236.000000,531.000000
-796.000000,346.000000,413.000000
-689.000000,403.000000,316.000000
-430.000000,281.000000,229.000000
-125.000000,-38.000000,100.000000
84.000000,-413.000000,-49.000000
94.000000,-738.000000,-188.000000
-22.000000,-724.000000,-304.000000
303.000000,3.000000,-513.000000
1508.000000,997.000000,-1005.000000
3133.000000,1623.000000,-1792.000000
4590.000000,1686.000000,-2566.000000
5636.000000,1229.000000,-3153.000000
6567.000000,571.000000,-3604.000000
7465.000000,-100.000000,-4002.000000
8340.000000,-545.000000,-4338.000000
9187.000000,-721.000000,-4644.000000
10090.000000,-567.000000,-4927.000000
11019.000000,-82.000000,-5218.000000
11759.000000,627.000000,-5435.000000
12203.000000,1297.000000,-5491.000000
12420.000000,1617.000000,-5413.000000
12570.000000,1613.000000,-5271.000000
12681.000000,1545.000000,-5033.000000
12695.000000,1432.000000,-4728.000000
12677.000000,1176.000000,-4364.000000
12643.000000,675.000000,-4008.000000
12538.000000,171.000000,-3695.000000
12233.000000,-66.000000,-3417.000000
11544.000000,123.000000,-3205.000000
10343.000000,675.000000,-3062.000000
8681.000000,1300.000000,-2966.000000
6914.000000,1578.000000,-2729.000000
5348.000000,1349.000000,-2206.000000
4125.000000,749.000000,-1394.000000
3125.000000,-43.000000,-457.000000
2208.000000,-851.000000,347.000000
1368.000000,-1451.000000,862.000000
606.000000,-1814.000000,1027.000000
-235.000000,-1955.000000,859.000000
-1101.000000,-2054.000000,528.000000
-2067.000000,-2272.000000,269.000000
-3018.000000,-2552.000000,246.000000
-3942.000000,-2829.000000,536.000000
-4955.000000,-3062.000000,1043.000000
-6054.000000,-3104.000000,1556.000000
-7032.000000,-3002.000000,1930.000000
-7831.000000,-2771.000000,2120.000000
-8490.000000,-2407.000000,2153.000000
-9006.000000,-1973.000000,2161.000000
-9432.000000,-1628.000000,2161.000000
-9828.000000,-1412.000000,2148.000000
-10221.000000,-1383.000000,2155.000000
-10528.000000,-1536.000000,2243.000000
-10685.000000,-1729.000000,2346.000000
-10815.000000,-1878.000000,2350.000000
-11095.000000,-1923.000000,2268.000000
-11536.000000,-1803.000000,2227.000000
-12022.000000,-1592.000000,2269.000000
-12512.000000,-1398.000000,2366.000000
-12964.000000,-1163.000000,2538.000000
-13189.000000,-944.000000,2693.000000
-12996.000000,-1022.000000,2662.000000
-12588.000000,-1461.000000,2282.000000
-11896.000000,-2234.000000,1877.000000
-10947.000000,-3010.000000,1725.000000
-10107.000000,-3411.000000,1640.000000
-9051.000000,-3595.000000,1663.000000
-8272.000000,-3200.000000,1641.000000
-7333.000000,-2538.000000,1440.000000
-6109.000000,-2022.000000,1052.000000
-4982.000000,-1730.000000,653.000000
-3929.000000,-1604.000000,321.000000
-2905.000000,-1393.000000,4.000000
-1811.000000,-949.000000,-294.000000
-801.000000,-328.000000,-525.000000
-18.000000,281.000000,-682.000000
655.000000,801.000000,-856.000000
1468.000000,1269.000000,-1159.000000
2376.000000,1645.000000,-1573.000000
3232.000000,1874.000000,-2004.000000
4181.000000,1918.000000,-2317.000000
5200.000000,1839.000000,-2623.000000
6145.000000,1761.000000,-3021.000000
7024.000000,1716.000000,-3491.000000
7826.000000,1677.000000,-3951.000000
8578.000000,1685.000000,-4393.000000
9254.000000,1706.000000,-4754.000000
9778.000000,1812.000000,-5002.000000
10126.000000,2091.000000,-5100.000000
10381.000000,2473.000000,-5114.000000
10614.000000,2742.000000,-5110.000000
10801.000000,2823.000000,-5144.000000
10895.000000,2827.000000,-5265.000000
10937.000000,2861.000000,-5463.000000
11050.000000,2860.000000,-5667.000000
11237.000000,2734.000000,-5766.000000
11462.000000,2488.000000,-5813.000000
11612.000000,2191.000000,-5868.000000
11608.000000,1890.000000,-5912.000000
11423.000000,1641.000000,-5914.000000
11135.000000,1516.000000,-5896.000000
10735.000000,1485.000000,-5903.000000
10164.000000,1458.000000,-5853.000000
9462.000000,1537.000000,-5682.000000
8740.000000,1729.000000,-5428.000000
7986.000000,1931.000000,-5083.000000
7162.000000,2011.000000,-4628.000000
6207.000000,1884.000000,-4053.000000
5200.000000,1522.000000,-3378.000000
4198.000000,1046.000000,-2690.000000
3209.000000,583.000000,-2090.000000
2246.000000,207.000000,-1649.000000
1297.000000,-78.000000,-1315.000000
425.000000,-371.000000,-960.000000
-294.000000,-718.000000,-570.000000
-944.000000,-1240.000000,-194.000000
-1648.000000,-1901.000000,281.000000
-2416.000000,-2446.000000,868.000000
-3184.000000,-2776.000000,1451.000000
-3974.000000,-3032.000000,1902.000000
-4839.000000,-3297.000000,2238.000000
-5717.000000,-3428.000000,2503.000000
-6590.000000,-3274.000000,2782.000000
-7523.000000,-3076.000000,3045.000000
-8431.000000,-2958.000000,3227.000000
-9178.000000,-3045.000000,3363.000000
-9758.000000,-3314.000000,3501.000000
-10239.000000,-3637.000000,3698.000000
-10739.000000,-4015.000000,3898.000000
-11410.000000,-4385.000000,4127.000000
-12313.000000,-4662.000000,4478.000000
-13373.000000,-4744.000000,4945.000000
-14489.000000,-4447.000000,5406.000000
-15486.000000,-3591.000000,5731.000000
-16058.000000,-2252.000000,5735.000000
-16192.000000,-944.000000,5307.000000
-16015.000000,-425.000000,4497.000000
-15782.000000,-1010.000000,3525.000000
-15486.000000,-2062.000000,2747.000000
-14870.000000,-2806.000000,2310.000000
-13820.000000,-2969.000000,2127.000000
-12368.000000,-2619.000000,2076.000000
-10671.000000,-1853.000000,1989.000000
-9068.000000,-1072.000000,1717.000000
-7972.000000,-596.000000,1262.000000
-7395.000000,-542.000000,834.000000
-7058.000000,-748.000000,669.000000
-6638.000000,-733.000000,839.000000
-6005.000000,-278.000000,1186.000000
-5089.000000,551.000000,1450.000000
-3993.000000,1438.000000,1487.000000
-2895.000000,2108.000000,1226.000000
-1852.000000,2247.000000,801.000000
-900.000000,1857.000000,377.000000
-18.000000,1369.000000,-6.000000
697.000000,1009.000000,-329.000000
1246.000000,751.000000,-534.000000
1713.000000,538.000000,-619.000000
2016.000000,395.000000,-630.000000
2099.000000,460.000000,-632.000000
2125.000000,702.000000,-641.000000
2119.000000,1032.000000,-645.000000
2045.000000,1363.000000,-624.000000
1964.000000,1595.000000,-607.000000
1902.000000,1705.000000,-639.000000
1783.000000,1718.000000,-683.000000
1654.000000,1651.000000,-643.000000
1600.000000,1512.000000,-551.000000
1564.000000,1282.000000,-482.000000
1468.000000,1096.000000,-439.000000
1330.000000,1022.000000,-416.000000
1159.000000,1019.000000,-408.000000
937.000000,1022.000000,-402.000000
694.000000,967.000000,-349.000000
493.000000,967.000000,-241.000000
397.000000,1045.000000,-152.000000
390.000000,1151.000000,-119.000000
426.000000,1158.000000,-189.000000
489.000000,1033.000000,-332.000000
597.000000,725.000000,-481.000000
777.000000,280.000000,-602.000000
1016.000000,-135.000000,-639.000000
1274.000000,-443.000000,-594.000000
1507.000000,-572.000000,-537.000000
1731.000000,-600.000000,-522.000000
1918.000000,-493.000000,-522.000000
2158.000000,-256.000000,-582.000000
2390.000000,-55.000000,-709.000000
2440.000000,8.000000,-800.000000
