-541.000000,-836.000000,843.000000
-572.000000,-1146.000000,825.000000
-496.000000,-1410.000000,673.000000
-311.000000,-1572.000000,153.000000
-65.000000,-1578.000000,-540.000000
510.000000,-1383.000000,-1644.000000
1441.000000,-913.000000,-3028.000000
2619.000000,-373.000000,-4641.000000
3733.000000,26.000000,-6298.000000
4581.000000,59.000000,-7637.000000
5086.000000,-286.000000,-8506.000000
5430.000000,-623.000000,-9051.000000
5804.000000,-789.000000,-9554.000000
6234.000000,-807.000000,-10189.000000
6709.000000,-799.000000,-10938.000000
7261.000000,-853.000000,-11699.000000
7835.000000,-957.000000,-12384.000000
8332.000000,-1029.000000,-12985.000000
8683.000000,-1039.000000,-13463.000000
8836.000000,-942.000000,-13721.000000
8836.000000,-907.000000,-13691.000000
8707.000000,-996.000000,-13441.000000
8553.000000,-1266.000000,-13178.000000
8351.000000,-1795.000000,-12944.000000
8037.000000,-2464.000000,-12638.000000
7539.000000,-2852.000000,-12270.000000
6998.000000,-2574.000000,-11773.000000
6431.000000,-1797.000000,-11078.000000
5889.000000,-989.000000,-10088.000000
5231.000000,-552.000000,-8690.000000
4485.000000,-592.000000,-6939.000000
3634.000000,-999.000000,-4937.000000
2701.000000,-1516.000000,-2800.000000
1812.000000,-2046.000000,-608.000000
928.000000,-2583.000000,1467.000000
-16.000000,-2997.000000,3203.000000
-1053.000000,-3135.000000,4423.000000
-1903.000000,-2769.000000,5046.000000
-2387.000000,-2140.000000,5309.000000
-2548.000000,-1743.000000,5628.000000
-2640.000000,-1942.000000,6261.000000
-2992.000000,-2627.000000,7261.000000
-3644.000000,-3334.000000,8557.000000
-4455.000000,-3696.000000,9862.000000
-5292.000000,-3705.000000,11016.000000
-6007.000000,-3318.000000,11847.000000
-6459.000000,-2528.000000,12315.000000
-6668.000000,-1645.000000,12436.000000
-6819.000000,-1142.000000,12500.000000
-7013.000000,-1183.000000,12796.000000
-7335.000000,-1620.000000,13321.000000
-7700.000000,-2096.000000,13844.000000
-8000.000000,-2326.000000,14122.000000
-8095.000000,-2165.000000,14048.000000
-7972.000000,-1830.000000,13777.000000
-7690.000000,-1490.000000,13439.000000
-7431.000000,-1278.000000,13069.000000
-7185.000000,-1175.000000,12615.000000
-7017.000000,-1024.000000,11803.000000
-6673.000000,-819.000000,10987.000000
-6417.000000,-591.000000,10160.000000
-5944.000000,-338.000000,9124.000000
-5231.000000,-261.000000,7766.000000
-4501.000000,-241.000000,6338.000000
-3810.000000,-126.000000,5014.000000
-3197.000000,99.000000,3801.000000
-2623.000000,419.000000,2621.000000
-2044.000000,809.000000,1503.000000
-1451.000000,1236.000000,498.000000
-960.000000,1508.000000,-421.000000
-493.000000,1615.000000,-1277.000000
26.000000,1669.000000,-2146.000000
575.000000,1692.000000,-3074.000000
1157.000000,1718.000000,-4041.000000
1726.000000,1807.000000,-5090.000000
2189.000000,1842.000000,-6139.000000
2601.000000,1836.000000,-7073.000000
2997.000000,1824.000000,-7867.000000
3323.000000,1832.000000,-8533.000000
3578.000000,1900.000000,-9148.000000
3871.000000,2085.000000,-9834.000000
4286.000000,2319.000000,-10596.000000
4709.000000,2451.000000,-11375.000000
5093.000000,2502.000000,-12154.000000
5397.000000,2511.000000,-12846.000000
5594.000000,2502.000000,-13410.000000
5758.000000,2434.000000,-13686.000000
5902.000000,2343.000000,-13697.000000
5905.000000,2218.000000,-13662.000000
5770.000000,2232.000000,-13620.000000
5614.000000,2382.000000,-13494.000000
5468.000000,2576.000000,-13288.000000
5332.000000,2833.000000,-13099.000000
5138.000000,3043.000000,-12856.000000
4861.000000,3151.000000,-12323.000000
4530.000000,3080.000000,-11458.000000
4183.000000,2775.000000,-10382.000000
3771.000000,2406.000000,-9245.000000
3330.000000,2180.000000,-8187.000000
2891.000000,1961.000000,-7204.000000
2428.000000,1672.000000,-6289.000000
2022.000000,1375.000000,-5390.000000
1702.000000,983.000000,-4547.000000
1363.000000,459.000000,-3660.000000
944.000000,-55.000000,-2802.000000
505.000000,-380.000000,-2036.000000
55.000000,-516.000000,-1322.000000
-455.000000,-533.000000,-592.000000
-1042.000000,-523.000000,89.000000
-1624.000000,-592.000000,633.000000
-2130.000000,-885.000000,1195.000000
-2577.000000,-1367.000000,1852.000000
-3040.000000,-1922.000000,2552.000000
-3573.000000,-2376.000000,3299.000000
-4107.000000,-2652.000000,4125.000000
-4662.000000,-2755.000000,4922.000000
-5318.000000,-2825.000000,5637.000000
-5988.000000,-3018.000000,6386.000000
-6614.000000,-3234.000000,7132.000000
-7171.000000,-3284.000000,7780.000000
-7703.000000,-3140.000000,8261.000000
-8194.000000,-2831.000000,8521.000000
-8569.000000,-2577.000000,8618.000000
-8875.000000,-2601.000000,8848.000000
-9345.000000,-2835.000000,9372.000000
-9985.000000,-3082.000000,9969.000000
-10536.000000,-3169.000000,10441.000000
-11087.000000,-3076.000000,10688.000000
-11561.000000,-2650.000000,10615.000000
-11688.000000,-1960.000000,10163.000000
-11472.000000,-1434.000000,9613.000000
-11179.000000,-1431.000000,9226.000000
-10947.000000,-1921.000000,9195.000000
-10847.000000,-2373.000000,9418.000000
-10715.000000,-2447.000000,9441.000000
-10542.000000,-2149.000000,9074.000000
-10105.000000,-1456.000000,8487.000000
-9271.000000,-448.000000,7614.000000
-8189.000000,508.000000,6416.000000
-7038.000000,903.000000,5146.000000
-6114.000000,526.000000,4249.000000
-5491.000000,-103.000000,3766.000000
-4949.000000,-348.000000,3401.000000
-4323.000000,-144.000000,2971.000000
-3664.000000,485.000000,2508.000000
-3020.000000,1409.000000,1961.000000
-2396.000000,2226.000000,1353.000000
-1811.000000,2596.000000,793.000000
-1262.000000,2604.000000,344.000000
-780.000000,2471.000000,11.000000
-418.000000,2268.000000,-194.000000
-190.000000,2123.000000,-328.000000
-37.000000,2124.000000,-477.000000
101.000000,2207.000000,-699.000000
220.000000,2259.000000,-956.000000
348.000000,2206.000000,-1215.000000
473.000000,2037.000000,-1413.000000
592.000000,1775.000000,-1520.000000
632.000000,1461.000000,-1495.000000
573.000000,1127.000000,-1365.000000
512.000000,894.000000,-1220.000000
475.000000,727.000000,-1154.000000
489.000000,667.000000,-1170.000000
511.000000,698.000000,-1237.000000
529.000000,756.000000,-1316.000000
489.000000,854.000000,-1369.000000
386.000000,1090.000000,-1369.000000
313.000000,1543.000000,-1337.000000
340.000000,2272.000000,-1322.000000
456.000000,3072.000000,-1361.000000
623.000000,3688.000000,-1446.000000
823.000000,4010.000000,-1552.000000
1056.000000,4040.000000,-1668.000000
1241.000000,3797.000000,-1757.000000
1288.000000,3359.000000,-1784.000000
1231.000000,2888.000000,-1743.000000
1109.000000,2513.000000,-1645.000000
907.000000,2295.000000,-1441.000000
784.000000,2233.000000,-1008.000000
869.000000,2258.000000,-715.000000
1044.000000,2306.000000,-647.000000
1205.000000,2328.000000,-650.000000
1239.000000,2282.000000,-576.000000
1144.000000,2126.000000,-406.000000
1018.000000,1869.000000,-279.000000
905.000000,1555.000000,-218.000000
773.000000,1217.000000,-179.000000
641.000000,922.000000,-183.000000
587.000000,745.000000,-239.000000
571.000000,670.000000,-284.000000
602.000000,686.000000,-265.000000
664.000000,774.000000,-203.000000
631.000000,786.000000,-115.000000
434.000000,636.000000,-27.000000
179.000000,404.000000,48.000000
-11.000000,249.000000,134.000000
-115.000000,232.000000,261.000000
-164.000000,272.000000,373.000000
-219.000000,293.000000,434.000000
-272.000000,281.000000,412.000000
