4067.000000,925.000000,-3537.000000
5256.000000,1240.000000,-4410.000000
6226.000000,1393.000000,-4963.000000
6936.000000,1419.000000,-5282.000000
7497.000000,1464.000000,-5544.000000
8067.000000,1645.000000,-5935.000000
8703.000000,1994.000000,-6438.000000
9341.000000,2436.000000,-6860.000000
9807.000000,2773.000000,-7101.000000
9993.000000,2979.000000,-7069.000000
9940.000000,2910.000000,-6779.000000
9774.000000,2664.000000,-6384.000000
9536.000000,2337.000000,-6023.000000
9177.000000,1905.000000,-5644.000000
8764.000000,1485.000000,-5167.000000
8447.000000,1228.000000,-4703.000000
8214.000000,1091.000000,-4418.000000
7781.000000,1059.000000,-4083.000000
7258.000000,1153.000000,-3773.000000
6771.000000,1361.000000,-3666.000000
6247.000000,1503.000000,-3636.000000
5754.000000,1518.000000,-3470.000000
5304.000000,1358.000000,-3150.000000
4718.000000,968.000000,-2747.000000
3988.000000,455.000000,-2314.000000
3197.000000,-168.000000,-1873.000000
2401.000000,-869.000000,-1402.000000
1635.000000,-1541.000000,-790.000000
979.000000,-1972.000000,-125.000000
288.000000,-2111.000000,425.000000
-601.000000,-2125.000000,796.000000
-1515.000000,-2220.000000,1087.000000
-2346.000000,-2541.000000,1375.000000
-3054.000000,-2987.000000,1700.000000
-3767.000000,-3386.000000,2085.000000
-4600.000000,-3568.000000,2567.000000
-5455.000000,-3715.000000,3193.000000
-6188.000000,-3969.000000,3941.000000
-6912.000000,-4204.000000,4662.000000
-7768.000000,-4185.000000,5090.000000
-8809.000000,-3750.000000,5262.000000
-9584.000000,-2937.000000,5151.000000
-10054.000000,-2268.000000,4783.000000
-10352.000000,-2327.000000,4639.000000
-10647.000000,-3050.000000,4970.000000
-10912.000000,-3772.000000,5507.000000
-11151.000000,-4011.000000,5896.000000
-11267.000000,-3490.000000,5839.000000
-11081.000000,-2315.000000,5369.000000
-10678.000000,-1118.000000,4690.000000
-10232.000000,-445.000000,4148.000000
-9731.000000,-265.000000,3798.000000
-9176.000000,-349.000000,3540.000000
-8629.000000,-367.000000,3397.000000
-8039.000000,-113.000000,3257.000000
-7388.000000,248.000000,3004.000000
-6665.000000,563.000000,2515.000000
-5783.000000,720.000000,2056.000000
-4881.000000,690.000000,1663.000000
-3908.000000,591.000000,1271.000000
-3114.000000,509.000000,1018.000000
-2148.000000,518.000000,764.000000
-896.000000,761.000000,309.000000
294.000000,1284.000000,-354.000000
1358.000000,1922.000000,-1157.000000
2301.000000,2400.000000,-1968.000000
3277.000000,2645.000000,-2678.000000
4125.000000,2704.000000,-3197.000000
4777.000000,2700.000000,-3534.000000
5355.000000,2698.000000,-3747.000000
5882.000000,2684.000000,-3935.000000
6349.000000,2705.000000,-4144.000000
6776.000000,2737.000000,-4348.000000
7202.000000,2744.000000,-4568.000000
7579.000000,2669.000000,-4804.000000
7910.000000,2575.000000,-5014.000000
8123.000000,2451.000000,-5210.000000
8195.000000,2289.000000,-5380.000000
8140.000000,2189.000000,-5488.000000
8039.000000,2137.000000,-5539.000000
7861.000000,2084.000000,-5570.000000
7645.000000,2079.000000,-5614.000000
7523.000000,2231.000000,-5817.000000
7296.000000,2408.000000,-5996.000000
7131.000000,2436.000000,-6077.000000
6920.000000,2333.000000,-6038.000000
6619.000000,2158.000000,-5864.000000
6244.000000,1913.000000,-5510.000000
5835.000000,1698.000000,-5056.000000
5399.000000,1663.000000,-4676.000000
4941.000000,1677.000000,-4418.000000
4531.000000,1627.000000,-4198.000000
4141.000000,1494.000000,-3958.000000
3736.000000,1278.000000,-3639.000000
3342.000000,995.000000,-3225.000000
2957.000000,610.000000,-2756.000000
2546.000000,127.000000,-2225.000000
2080.000000,-382.000000,-1645.000000
1591.000000,-826.000000,-1076.000000
1021.000000,-1143.000000,-610.000000
436.000000,-1294.000000,-284.000000
-112.000000,-1277.000000,-144.000000
-700.000000,-1199.000000,-220.000000
-1232.000000,-1298.000000,-295.000000
-1664.000000,-1748.000000,-185.000000
-2066.000000,-2389.000000,208.000000
-2522.000000,-2955.000000,734.000000
-3096.000000,-3339.000000,1185.000000
-3753.000000,-3568.000000,1558.000000
-4473.000000,-3826.000000,1874.000000
-5209.000000,-4122.000000,2082.000000
-5844.000000,-4301.000000,2236.000000
-6420.000000,-4418.000000,2460.000000
-7088.000000,-4491.000000,2785.000000
-7867.000000,-4359.000000,3207.000000
-8855.000000,-3940.000000,3619.000000
-9924.000000,-3216.000000,3910.000000
-10817.000000,-2368.000000,4131.000000
-11523.000000,-1909.000000,4367.000000
-12034.000000,-2020.000000,4455.000000
-12329.000000,-2516.000000,4433.000000
-12473.000000,-2932.000000,4511.000000
-12293.000000,-2858.000000,4538.000000
-11664.000000,-2403.000000,4291.000000
-10835.000000,-1985.000000,3801.000000
-10076.000000,-1789.000000,3228.000000
-9429.000000,-1681.000000,2903.000000
-8918.000000,-1459.000000,2764.000000
-8313.000000,-944.000000,2672.000000
-7536.000000,-250.000000,2430.000000
-6653.000000,311.000000,2096.000000
-5864.000000,605.000000,1800.000000
-5037.000000,682.000000,1471.000000
-4359.000000,630.000000,1180.000000
-3918.000000,592.000000,1011.000000
-3622.000000,704.000000,1057.000000
-3334.000000,1051.000000,1193.000000
-2962.000000,1559.000000,1199.000000
-2536.000000,1980.000000,994.000000
-2075.000000,2092.000000,677.000000
-1527.000000,1820.000000,379.000000
-962.000000,1242.000000,108.000000
-390.000000,589.000000,-89.000000
76.000000,244.000000,-184.000000
346.000000,227.000000,-169.000000
527.000000,377.000000,-199.000000
750.000000,555.000000,-345.000000
1023.000000,634.000000,-548.000000
1276.000000,605.000000,-726.000000
1458.000000,564.000000,-884.000000
1597.000000,587.000000,-1012.000000
1712.000000,609.000000,-1053.000000
1814.000000,614.000000,-989.000000
1865.000000,650.000000,-857.000000
1849.000000,772.000000,-699.000000
1802.000000,953.000000,-525.000000
1746.000000,1139.000000,-336.000000
1617.000000,1246.000000,-181.000000
1447.000000,1224.000000,-75.000000
1304.000000,1112.000000,4.000000
1276.000000,980.000000,30.000000
1221.000000,920.000000,91.000000
1133.000000,895.000000,203.000000
1085.000000,951.000000,251.000000
966.000000,920.000000,191.000000
815.000000,817.000000,143.000000
711.000000,689.000000,154.000000
649.000000,582.000000,212.000000
575.000000,485.000000,279.000000
491.000000,409.000000,332.000000
349.000000,437.000000,332.000000
185.000000,566.000000,334.000000
46.000000,684.000000,367.000000
-55.000000,739.000000,379.000000
-105.000000,738.000000,319.000000
-152.000000,692.000000,222.000000
-234.000000,664.000000,195.000000
-371.000000,660.000000,229.000000
-538.000000,665.000000,303.000000
-675.000000,644.000000,391.000000
-742.000000,601.000000,444.000000
-794.000000,522.000000,415.000000
-840.000000,422.000000,324.000000
-767.000000,420.000000,219.000000
-641.000000,479.000000,78.000000
-493.000000,599.000000,-39.000000
-330.000000,711.000000,-81.000000
-259.000000,733.000000,-59.000000
-198.000000,734.000000,18.000000
-158.000000,770.000000,148.000000
-72.000000,754.000000,150.000000
-46.000000,650.000000,30.000000
-203.000000,458.000000,23.000000
-295.000000,364.000000,50.000000
-256.000000,438.000000,34.000000
-214.000000,522.000000,64.000000
-218.000000,531.000000,102.000000
-215.000000,499.000000,122.000000
-174.000000,483.000000,81.000000
-110.000000,430.000000,26.000000
