-641.000000,750.000000,269.000000
-125.000000,304.000000,82.000000
671.000000,150.000000,-262.000000
1732.000000,342.000000,-776.000000
2748.000000,876.000000,-1594.000000
3654.000000,1348.000000,-2474.000000
4496.000000,1487.000000,-3245.000000
5263.000000,1483.000000,-3825.000000
5993.000000,1582.000000,-4229.000000
6656.000000,1864.000000,-4476.000000
7146.000000,2094.000000,-4566.000000
7650.000000,2273.000000,-4600.000000
8239.000000,2437.000000,-4673.000000
8789.000000,2553.000000,-4791.000000
9268.000000,2704.000000,-4954.000000
9713.000000,2787.000000,-5121.000000
10076.000000,2595.000000,-5188.000000
10249.000000,2075.000000,-5147.000000
10258.000000,1424.000000,-5134.000000
10266.000000,869.000000,-5189.000000
10200.000000,542.000000,-5186.000000
9983.000000,400.000000,-5098.000000
9709.000000,364.000000,-4933.000000
9351.000000,320.000000,-4653.000000
8825.000000,189.000000,-4338.000000
8058.000000,19.000000,-3904.000000
7308.000000,-204.000000,-3441.000000
6575.000000,-453.000000,-2916.000000
5733.000000,-781.000000,-2321.000000
4836.000000,-1108.000000,-1751.000000
3984.000000,-1468.000000,-1224.000000
3179.000000,-1810.000000,-758.000000
2452.000000,-2050.000000,-343.000000
1700.000000,-2243.000000,-6.000000
908.000000,-2366.000000,212.000000
144.000000,-2374.000000,321.000000
-604.000000,-2548.000000,480.000000
-1393.000000,-2975.000000,855.000000
-2138.000000,-3432.000000,1437.000000
-2914.000000,-3793.000000,2110.000000
-3888.000000,-4014.000000,2791.000000
-4993.000000,-4135.000000,3440.000000
-5943.000000,-4157.000000,4019.000000
-6762.000000,-4264.000000,4456.000000
-7457.000000,-4517.000000,4751.000000
-8025.000000,-4924.000000,4982.000000
-8524.000000,-5288.000000,5215.000000
-8915.000000,-5422.000000,5478.000000
-9297.000000,-5250.000000,5698.000000
-9707.000000,-4829.000000,5806.000000
-10047.000000,-4364.000000,5913.000000
-10337.000000,-3888.000000,5909.000000
-10523.000000,-3424.000000,5723.000000
-10528.000000,-3013.000000,5432.000000
-10382.000000,-2697.000000,5072.000000
-10186.000000,-2530.000000,4619.000000
-9866.000000,-2447.000000,4167.000000
-9339.000000,-2371.000000,3760.000000
-8618.000000,-2184.000000,3351.000000
-7880.000000,-1929.000000,2947.000000
-7256.000000,-1631.000000,2623.000000
-6703.000000,-1369.000000,2407.000000
-6177.000000,-1153.000000,2330.000000
-5400.000000,-789.000000,2245.000000
-4297.000000,-310.000000,1908.000000
-3117.000000,122.000000,1287.000000
-2053.000000,319.000000,504.000000
-1133.000000,317.000000,-228.000000
-191.000000,446.000000,-822.000000
805.000000,827.000000,-1308.000000
1632.000000,1257.000000,-1746.000000
2364.000000,1645.000000,-2148.000000
3039.000000,1950.000000,-2619.000000
3630.000000,2166.000000,-3135.000000
4171.000000,2290.000000,-3645.000000
4648.000000,2296.000000,-4097.000000
5124.000000,2227.000000,-4514.000000
5662.000000,2218.000000,-4905.000000
6145.000000,2196.000000,-5297.000000
6547.000000,2099.000000,-5725.000000
6901.000000,1950.000000,-6092.000000
7209.000000,1807.000000,-6443.000000
7489.000000,1679.000000,-6760.000000
7788.000000,1542.000000,-7144.000000
8131.000000,1312.000000,-7448.000000
8463.000000,965.000000,-7654.000000
8621.000000,652.000000,-7678.000000
8655.000000,440.000000,-7548.000000
8545.000000,348.000000,-7327.000000
8246.000000,303.000000,-7126.000000
7789.000000,259.000000,-6920.000000
7294.000000,225.000000,-6729.000000
6917.000000,208.000000,-6580.000000
6516.000000,189.000000,-6272.000000
5994.000000,98.000000,-5924.000000
5424.000000,-92.000000,-5533.000000
4906.000000,-339.000000,-5009.000000
4376.000000,-548.000000,-4516.000000
3823.000000,-648.000000,-4145.000000
3217.000000,-664.000000,-3858.000000
2568.000000,-617.000000,-3580.000000
1994.000000,-509.000000,-3210.000000
1467.000000,-478.000000,-2790.000000
933.000000,-629.000000,-2312.000000
440.000000,-874.000000,-1781.000000
4.000000,-1128.000000,-1256.000000
-405.000000,-1332.000000,-812.000000
-863.000000,-1430.000000,-457.000000
-1439.000000,-1591.000000,-143.000000
-2057.000000,-1948.000000,221.000000
-2595.000000,-2441.000000,648.000000
-3107.000000,-2930.000000,1180.000000
-3643.000000,-3306.000000,1833.000000
-4193.000000,-3628.000000,2527.000000
-4811.000000,-3973.000000,3238.000000
-5487.000000,-4244.000000,3906.000000
-6167.000000,-4436.000000,4529.000000
-6867.000000,-4591.000000,5148.000000
-7629.000000,-4708.000000,5834.000000
-8397.000000,-4807.000000,6494.000000
-8792.000000,-4637.000000,6847.000000
-8956.000000,-4112.000000,6690.000000
-9230.000000,-3365.000000,6099.000000
-9517.000000,-2561.000000,5317.000000
-9735.000000,-2240.000000,4682.000000
-9858.000000,-2520.000000,4612.000000
-9807.000000,-2954.000000,4981.000000
-9735.000000,-3275.000000,5432.000000
-9857.000000,-3292.000000,5830.000000
-10048.000000,-2790.000000,6268.000000
-9918.000000,-1908.000000,6445.000000
-9492.000000,-900.000000,6088.000000
-8915.000000,-217.000000,5569.000000
-8440.000000,-37.000000,5215.000000
-7908.000000,-105.000000,4885.000000
-7186.000000,-184.000000,4464.000000
-6297.000000,-40.000000,3964.000000
-5329.000000,353.000000,3269.000000
-4373.000000,733.000000,2419.000000
-3535.000000,891.000000,1640.000000
-2781.000000,962.000000,1074.000000
-2098.000000,1179.000000,675.000000
-1494.000000,1567.000000,320.000000
-907.000000,1941.000000,-73.000000
-353.000000,2238.000000,-500.000000
29.000000,2391.000000,-919.000000
298.000000,2454.000000,-1289.000000
523.000000,2499.000000,-1572.000000
664.000000,2602.000000,-1691.000000
732.000000,2754.000000,-1661.000000
783.000000,2879.000000,-1570.000000
796.000000,2881.000000,-1470.000000
788.000000,2709.000000,-1424.000000
744.000000,2371.000000,-1422.000000
728.000000,2030.000000,-1374.000000
788.000000,1769.000000,-1277.000000
841.000000,1547.000000,-1122.000000
824.000000,1342.000000,-915.000000
762.000000,1171.000000,-703.000000
717.000000,1061.000000,-528.000000
676.000000,977.000000,-359.000000
595.000000,856.000000,-242.000000
523.000000,730.000000,-161.000000
511.000000,652.000000,-125.000000
535.000000,626.000000,-174.000000
554.000000,654.000000,-267.000000
590.000000,723.000000,-322.000000
617.000000,720.000000,-303.000000
574.000000,666.000000,-238.000000
514.000000,592.000000,-127.000000
418.000000,490.000000,18.000000
333.000000,351.000000,181.000000
317.000000,268.000000,265.000000
428.000000,293.000000,221.000000
505.000000,346.000000,236.000000
545.000000,365.000000,46.000000
538.000000,377.000000,-167.000000
515.000000,388.000000,-229.000000
523.000000,416.000000,-178.000000
551.000000,474.000000,-51.000000
623.000000,530.000000,49.000000
653.000000,538.000000,138.000000
554.000000,507.000000,105.000000
461.000000,501.000000,51.000000
414.000000,595.000000,42.000000
402.000000,664.000000,26.000000
404.000000,673.000000,45.000000
418.000000,691.000000,44.000000
446.000000,728.000000,-4.000000
452.000000,731.000000,-63.000000
478.000000,729.000000,-141.000000
554.000000,673.000000,-242.000000
622.000000,566.000000,-283.000000
678.000000,441.000000,-231.000000
790.000000,284.000000,-177.000000
890.000000,116.000000,-94.000000
870.000000,-23.000000,26.000000
824.000000,-122.000000,17.000000
717.000000,-154.000000,11.000000
635.000000,-87.000000,23.000000
