1535.000000,-8393.000000,-783.000000
2138.000000,-8901.000000,-1074.000000
2721.000000,-9048.000000,-1329.000000
3266.000000,-9142.000000,-1446.000000
3704.000000,-9285.000000,-1335.000000
3951.000000,-9424.000000,-907.000000
3706.000000,-9300.000000,-392.000000
3263.000000,-8700.000000,-283.000000
3434.000000,-7630.000000,-686.000000
3907.000000,-6627.000000,-1386.000000
4283.000000,-5919.000000,-2263.000000
4533.000000,-5600.000000,-3065.000000
4749.000000,-5481.000000,-3669.000000
4962.000000,-5613.000000,-4196.000000
5364.000000,-5925.000000,-4831.000000
5809.000000,-6214.000000,-5552.000000
6023.000000,-6420.000000,-6203.000000
6020.000000,-6561.000000,-6791.000000
5851.000000,-6412.000000,-7211.000000
5602.000000,-5964.000000,-7473.000000
5337.000000,-5515.000000,-7581.000000
4865.000000,-4981.000000,-7622.000000
4108.000000,-4359.000000,-7796.000000
3402.000000,-3520.000000,-7962.000000
2799.000000,-2474.000000,-8022.000000
2202.000000,-1598.000000,-7962.000000
1760.000000,-832.000000,-7772.000000
1472.000000,-187.000000,-7492.000000
1187.000000,237.000000,-7145.000000
921.000000,340.000000,-6824.000000
724.000000,379.000000,-6550.000000
638.000000,403.000000,-6176.000000
651.000000,376.000000,-5726.000000
704.000000,339.000000,-5245.000000
740.000000,380.000000,-4758.000000
782.000000,648.000000,-4258.000000
740.000000,828.000000,-3684.000000
733.000000,988.000000,-3153.000000
812.000000,1107.000000,-2656.000000
830.000000,981.000000,-2157.000000
764.000000,463.000000,-1691.000000
791.000000,-125.000000,-1411.000000
921.000000,-595.000000,-1112.000000
1049.000000,-920.000000,-898.000000
1151.000000,-1018.000000,-738.000000
1021.000000,-1116.000000,-629.000000
839.000000,-1397.000000,-501.000000
746.000000,-1684.000000,-275.000000
703.000000,-1843.000000,15.000000
632.000000,-1846.000000,259.000000
664.000000,-1773.000000,521.000000
521.000000,-1600.000000,712.000000
169.000000,-1624.000000,857.000000
-71.000000,-1659.000000,981.000000
-239.000000,-1587.000000,1015.000000
-328.000000,-1431.000000,962.000000
-431.000000,-1193.000000,925.000000
-582.000000,-1026.000000,843.000000
-555.000000,-990.000000,827.000000
-536.000000,-1063.000000,860.000000
-592.000000,-1382.000000,957.000000
-662.000000,-1718.000000,1047.000000
-581.000000,-1892.000000,1153.000000
-673.000000,-2112.000000,1305.000000
-901.000000,-2469.000000,1423.000000
-984.000000,-2867.000000,1568.000000
-1179.000000,-3187.000000,1688.000000
-1531.000000,-3635.000000,1801.000000
-1835.000000,-4127.000000,2040.000000
-2071.000000,-4477.000000,2445.000000
-2401.000000,-4735.000000,2905.000000
-2870.000000,-4882.000000,3522.000000
-3608.000000,-4989.000000,4008.000000
-4279.000000,-5059.000000,4179.000000
-4779.000000,-4790.000000,4247.000000
-5090.000000,-4112.000000,4302.000000
-5142.000000,-3467.000000,4308.000000
-5169.000000,-3174.000000,4335.000000
-5381.000000,-3313.000000,4371.000000
-5726.000000,-3755.000000,4620.000000
-6149.000000,-4260.000000,4420.000000
-6555.000000,-4722.000000,4025.000000
-6859.000000,-4750.000000,3889.000000
-6929.000000,-4228.000000,4142.000000
-6868.000000,-3473.000000,4430.000000
-6873.000000,-2830.000000,4608.000000
-6926.000000,-2399.000000,4749.000000
-6943.000000,-2125.000000,4969.000000
-6990.000000,-1875.000000,5164.000000
-6959.000000,-1532.000000,5223.000000
-6791.000000,-1155.000000,5162.000000
-6622.000000,-812.000000,4979.000000
-6454.000000,-561.000000,4629.000000
-6029.000000,-235.000000,4176.000000
-5500.000000,21.000000,3808.000000
-4950.000000,105.000000,3448.000000
-4500.000000,204.000000,3128.000000
-3980.000000,368.000000,2821.000000
-3542.000000,637.000000,2533.000000
-3142.000000,901.000000,2286.000000
-2746.000000,1140.000000,2030.000000
-2413.000000,1431.000000,1684.000000
-2068.000000,1566.000000,1259.000000
-1611.000000,1630.000000,904.000000
-1067.000000,1742.000000,730.000000
-573.000000,1790.000000,682.000000
-203.000000,1747.000000,652.000000
67.000000,1708.000000,576.000000
201.000000,1659.000000,449.000000
328.000000,1537.000000,254.000000
590.000000,1435.000000,34.000000
880.000000,1314.000000,-127.000000
1121.000000,1087.000000,-246.000000
1275.000000,893.000000,-296.000000
1355.000000,754.000000,-232.000000
1357.000000,638.000000,-55.000000
1367.000000,633.000000,68.000000
1380.000000,678.000000,172.000000
1345.000000,728.000000,270.000000
1306.000000,834.000000,340.000000
1319.000000,893.000000,392.000000
1382.000000,840.000000,455.000000
1431.000000,720.000000,522.000000
1469.000000,650.000000,600.000000
1568.000000,659.000000,739.000000
1732.000000,700.000000,922.000000
1894.000000,767.000000,1123.000000
1994.000000,863.000000,1340.000000
2097.000000,987.000000,1568.000000
2253.000000,1133.000000,1795.000000
2504.000000,1275.000000,1982.000000
2887.000000,1405.000000,2122.000000
3305.000000,1466.000000,2253.000000
3626.000000,1494.000000,2339.000000
3884.000000,1427.000000,2405.000000
4318.000000,1555.000000,2473.000000
4692.000000,1906.000000,2551.000000
4737.000000,2079.000000,2622.000000
4828.000000,2203.000000,2686.000000
5154.000000,2251.000000,2751.000000
5531.000000,2089.000000,2844.000000
5828.000000,1870.000000,2960.000000
6109.000000,1778.000000,3114.000000
6328.000000,1796.000000,3305.000000
6445.000000,1775.000000,3429.000000
6547.000000,1774.000000,3481.000000
6732.000000,1729.000000,3447.000000
6827.000000,1719.000000,3386.000000
6878.000000,1629.000000,3294.000000
6847.000000,1433.000000,3235.000000
6654.000000,1147.000000,3182.000000
6459.000000,896.000000,3088.000000
6102.000000,836.000000,2991.000000
5554.000000,764.000000,2890.000000
5064.000000,754.000000,2704.000000
4730.000000,787.000000,2554.000000
4463.000000,747.000000,2388.000000
4182.000000,695.000000,2181.000000
3859.000000,619.000000,1938.000000
3516.000000,491.000000,1694.000000
3080.000000,409.000000,1469.000000
2607.000000,314.000000,1232.000000
2222.000000,184.000000,981.000000
1850.000000,104.000000,741.000000
1394.000000,137.000000,491.000000
957.000000,229.000000,266.000000
662.000000,369.000000,120.000000
489.000000,565.000000,76.000000
307.000000,757.000000,111.000000
101.000000,910.000000,179.000000
-102.000000,983.000000,212.000000
-296.000000,959.000000,164.000000
-437.000000,905.000000,83.000000
-464.000000,869.000000,-31.000000
-407.000000,854.000000,-136.000000
-357.000000,830.000000,-200.000000
-326.000000,775.000000,-203.000000
-293.000000,722.000000,-141.000000
-250.000000,673.000000,-56.000000
-267.000000,603.000000,12.000000
-300.000000,513.000000,69.000000
-300.000000,476.000000,97.000000
-227.000000,538.000000,92.000000
-166.000000,640.000000,78.000000
-147.000000,680.000000,50.000000
-151.000000,642.000000,35.000000
-140.000000,580.000000,44.000000
-134.000000,486.000000,41.000000
-78.000000,389.000000,-7.000000
-195.000000,338.000000,-15.000000
-285.000000,381.000000,32.000000
-200.000000,485.000000,-4.000000
-129.000000,602.000000,-82.000000
-121.000000,674.000000,-106.000000
-183.000000,662.000000,-121.000000
-225.000000,594.000000,-150.000000
-215.000000,541.000000,-189.000000
-188.000000,510.000000,-214.000000
-187.000000,509.000000,-196.000000
-201.000000,555.000000,-151.000000
