-41.000000,1470.000000,-447.000000
-48.000000,1346.000000,-378.000000
-4.000000,1287.000000,-245.000000
77.000000,1245.000000,-51.000000
118.000000,1190.000000,181.000000
50.000000,1005.000000,426.000000
-54.000000,803.000000,669.000000
-113.000000,720.000000,929.000000
-152.000000,589.000000,1143.000000
-205.000000,596.000000,1251.000000
-228.000000,709.000000,1383.000000
-125.000000,773.000000,1623.000000
107.000000,778.000000,2004.000000
366.000000,571.000000,2571.000000
645.000000,115.000000,3162.000000
1040.000000,-512.000000,3796.000000
1365.000000,-1163.000000,4519.000000
1482.000000,-1619.000000,5257.000000
1573.000000,-1645.000000,5934.000000
1771.000000,-1127.000000,6574.000000
2065.000000,-158.000000,7210.000000
2457.000000,1072.000000,8005.000000
2981.000000,2231.000000,8838.000000
3608.000000,3021.000000,9582.000000
3983.000000,3282.000000,10259.000000
4061.000000,2982.000000,10870.000000
4022.000000,2157.000000,11295.000000
4003.000000,1367.000000,11440.000000
3905.000000,918.000000,11286.000000
3760.000000,767.000000,10745.000000
3607.000000,633.000000,9962.000000
3403.000000,461.000000,9248.000000
3190.000000,235.000000,8628.000000
3045.000000,89.000000,8053.000000
2887.000000,224.000000,7534.000000
2690.000000,599.000000,7003.000000
2408.000000,994.000000,6329.000000
2084.000000,1325.000000,5522.000000
1861.000000,1343.000000,4781.000000
1719.000000,900.000000,4243.000000
1530.000000,342.000000,3948.000000
1068.000000,-105.000000,3775.000000
416.000000,-352.000000,3408.000000
36.000000,-438.000000,2876.000000
197.000000,-250.000000,2447.000000
340.000000,126.000000,2125.000000
258.000000,359.000000,1749.000000
57.000000,348.000000,1380.000000
-100.000000,124.000000,1115.000000
-204.000000,-150.000000,918.000000
-299.000000,-302.000000,651.000000
-427.000000,-284.000000,299.000000
-510.000000,-169.000000,-49.000000
-524.000000,15.000000,-301.000000
-549.000000,104.000000,-422.000000
-603.000000,80.000000,-492.000000
-670.000000,119.000000,-516.000000
-774.000000,174.000000,-479.000000
-912.000000,245.000000,-476.000000
-1038.000000,329.000000,-543.000000
-1133.000000,385.000000,-615.000000
-1217.000000,356.000000,-643.000000
-1326.000000,301.000000,-671.000000
-1480.000000,294.000000,-735.000000
-1628.000000,327.000000,-806.000000
-1749.000000,408.000000,-844.000000
-1882.000000,479.000000,-822.000000
-2055.000000,462.000000,-818.000000
-2300.000000,351.000000,-829.000000
-2643.000000,210.000000,-857.000000
-3051.000000,11.000000,-938.000000
-3560.000000,-217.000000,-1067.000000
-4126.000000,-252.000000,-1128.000000
-4669.000000,-224.000000,-1001.000000
-5152.000000,-466.000000,-956.000000
-5593.000000,-705.000000,-1111.000000
-6224.000000,-696.000000,-1426.000000
-6798.000000,-519.000000,-1603.000000
-7287.000000,-409.000000,-1649.000000
-7801.000000,-152.000000,-1650.000000
-8334.000000,241.000000,-1668.000000
-8706.000000,444.000000,-1662.000000
-8988.000000,418.000000,-1628.000000
-9303.000000,371.000000,-1626.000000
-9719.000000,323.000000,-1662.000000
-10090.000000,239.000000,-1671.000000
-10234.000000,363.000000,-1623.000000
-10217.000000,817.000000,-1519.000000
-10112.000000,1229.000000,-1366.000000
-9866.000000,1592.000000,-1282.000000
-9604.000000,1913.000000,-1097.000000
-9278.000000,2126.000000,-800.000000
-8902.000000,2244.000000,-480.000000
-8623.000000,2372.000000,-273.000000
-8462.000000,2463.000000,-291.000000
-8167.000000,2478.000000,-525.000000
-7635.000000,2484.000000,-834.000000
-7055.000000,2333.000000,-1146.000000
-6537.000000,1932.000000,-1450.000000
-5941.000000,1560.000000,-1709.000000
-5314.000000,1292.000000,-1749.000000
-4752.000000,999.000000,-1656.000000
-4347.000000,705.000000,-1565.000000
-3990.000000,485.000000,-1465.000000
-3578.000000,439.000000,-1320.000000
-3148.000000,522.000000,-1142.000000
-2805.000000,539.000000,-975.000000
-2624.000000,443.000000,-821.000000
-2551.000000,334.000000,-698.000000
-2398.000000,314.000000,-658.000000
-2064.000000,428.000000,-663.000000
-1710.000000,583.000000,-659.000000
-1484.000000,626.000000,-605.000000
-1344.000000,507.000000,-553.000000
-1153.000000,435.000000,-540.000000
-864.000000,547.000000,-547.000000
-571.000000,737.000000,-517.000000
-428.000000,747.000000,-542.000000
-348.000000,618.000000,-611.000000
-218.000000,503.000000,-675.000000
-41.000000,486.000000,-688.000000
129.000000,464.000000,-675.000000
459.000000,520.000000,-648.000000
874.000000,654.000000,-606.000000
1130.000000,698.000000,-580.000000
1290.000000,665.000000,-623.000000
1558.000000,611.000000,-728.000000
1882.000000,481.000000,-849.000000
2178.000000,331.000000,-939.000000
2446.000000,173.000000,-1014.000000
2703.000000,59.000000,-1089.000000
2957.000000,68.000000,-1180.000000
3204.000000,221.000000,-1341.000000
3458.000000,511.000000,-1552.000000
3761.000000,827.000000,-1827.000000
4081.000000,1028.000000,-2130.000000
4401.000000,1050.000000,-2420.000000
4712.000000,951.000000,-2690.000000
4998.000000,876.000000,-2941.000000
5315.000000,913.000000,-3219.000000
5631.000000,1060.000000,-3489.000000
5901.000000,1254.000000,-3648.000000
6110.000000,1469.000000,-3683.000000
6330.000000,1653.000000,-3659.000000
6629.000000,1810.000000,-3640.000000
6926.000000,1873.000000,-3666.000000
7099.000000,1853.000000,-3738.000000
7215.000000,1835.000000,-3790.000000
7374.000000,1894.000000,-3785.000000
7530.000000,1986.000000,-3756.000000
7667.000000,2121.000000,-3728.000000
7831.000000,2309.000000,-3624.000000
7951.000000,2472.000000,-3448.000000
7987.000000,2525.000000,-3260.000000
7929.000000,2564.000000,-3081.000000
7735.000000,2641.000000,-2864.000000
7463.000000,2664.000000,-2608.000000
7193.000000,2691.000000,-2363.000000
6941.000000,2685.000000,-2071.000000
6636.000000,2510.000000,-1812.000000
6357.000000,2232.000000,-1700.000000
6053.000000,1932.000000,-1686.000000
5717.000000,1624.000000,-1666.000000
5330.000000,1293.000000,-1665.000000
4886.000000,952.000000,-1668.000000
4417.000000,711.000000,-1638.000000
4069.000000,726.000000,-1554.000000
3819.000000,877.000000,-1437.000000
3608.000000,1079.000000,-1283.000000
3412.000000,1222.000000,-1153.000000
3200.000000,1177.000000,-1105.000000
2926.000000,940.000000,-1080.000000
2697.000000,777.000000,-1029.000000
2411.000000,660.000000,-907.000000
2073.000000,566.000000,-738.000000
1756.000000,440.000000,-575.000000
1546.000000,395.000000,-426.000000
1413.000000,436.000000,-287.000000
1260.000000,445.000000,-157.000000
1049.000000,411.000000,-78.000000
863.000000,357.000000,-21.000000
740.000000,373.000000,3.000000
654.000000,350.000000,-7.000000
586.000000,271.000000,-21.000000
530.000000,136.000000,21.000000
472.000000,-18.000000,142.000000
420.000000,-67.000000,308.000000
352.000000,-20.000000,458.000000
286.000000,74.000000,530.000000
207.000000,133.000000,514.000000
118.000000,145.000000,440.000000
7.000000,117.000000,385.000000
-79.000000,107.000000,353.000000
-108.000000,107.000000,333.000000
-107.000000,137.000000,348.000000
-112.000000,206.000000,364.000000
-142.000000,236.000000,308.000000
-164.000000,228.000000,175.000000
-215.000000,199.000000,72.000000
-276.000000,177.000000,44.000000
