11.000000,263.000000,230.000000
-17.000000,242.000000,299.000000
-45.000000,219.000000,353.000000
-8.000000,203.000000,390.000000
38.000000,170.000000,407.000000
82.000000,140.000000,411.000000
128.000000,133.000000,402.000000
119.000000,99.000000,394.000000
54.000000,73.000000,393.000000
63.000000,91.000000,413.000000
188.000000,46.000000,412.000000
282.000000,-206.000000,404.000000
271.000000,-590.000000,398.000000
255.000000,-968.000000,383.000000
298.000000,-1231.000000,404.000000
482.000000,-1253.000000,453.000000
570.000000,-1424.000000,378.000000
561.000000,-1495.000000,124.000000
493.000000,-1530.000000,-379.000000
680.000000,-1304.000000,-1090.000000
941.000000,-1172.000000,-1938.000000
1362.000000,-1062.000000,-2868.000000
1778.000000,-955.000000,-3691.000000
2132.000000,-1013.000000,-4449.000000
2394.000000,-1114.000000,-5128.000000
2623.000000,-1132.000000,-5721.000000
2851.000000,-1000.000000,-6215.000000
3040.000000,-768.000000,-6641.000000
3261.000000,-491.000000,-7005.000000
3564.000000,-257.000000,-7239.000000
3846.000000,-163.000000,-7337.000000
4011.000000,-204.000000,-7362.000000
4086.000000,-303.000000,-7428.000000
4259.000000,-370.000000,-7516.000000
4413.000000,-486.000000,-7531.000000
4336.000000,-574.000000,-7557.000000
4155.000000,-467.000000,-7534.000000
3999.000000,-237.000000,-7341.000000
3906.000000,17.000000,-6956.000000
3728.000000,98.000000,-6490.000000
3365.000000,10.000000,-5989.000000
3028.000000,-146.000000,-5491.000000
2838.000000,-323.000000,-4995.000000
2756.000000,-588.000000,-4495.000000
2635.000000,-896.000000,-4064.000000
2477.000000,-1170.000000,-3744.000000
2280.000000,-1330.000000,-3461.000000
2155.000000,-1384.000000,-3187.000000
2121.000000,-1583.000000,-2903.000000
2030.000000,-1716.000000,-2628.000000
1751.000000,-1619.000000,-2229.000000
1494.000000,-1484.000000,-1946.000000
1297.000000,-1467.000000,-1691.000000
1094.000000,-1420.000000,-1376.000000
902.000000,-1421.000000,-1117.000000
744.000000,-1475.000000,-905.000000
552.000000,-1450.000000,-753.000000
359.000000,-1331.000000,-656.000000
243.000000,-1258.000000,-526.000000
154.000000,-1115.000000,-403.000000
124.000000,-972.000000,-293.000000
128.000000,-926.000000,-182.000000
38.000000,-992.000000,-21.000000
-116.000000,-1105.000000,132.000000
-244.000000,-1166.000000,240.000000
-257.000000,-1128.000000,397.000000
-307.000000,-936.000000,556.000000
-377.000000,-756.000000,602.000000
-417.000000,-624.000000,617.000000
-448.000000,-730.000000,684.000000
-551.000000,-943.000000,795.000000
-664.000000,-1033.000000,936.000000
-712.000000,-985.000000,1092.000000
-807.000000,-1008.000000,1218.000000
-969.000000,-1087.000000,1298.000000
-1045.000000,-1104.000000,1354.000000
-1192.000000,-1037.000000,1317.000000
-1357.000000,-1082.000000,1251.000000
-1584.000000,-1227.000000,1189.000000
-1917.000000,-1419.000000,1192.000000
-2222.000000,-1590.000000,1238.000000
-2490.000000,-1695.000000,1324.000000
-2751.000000,-1736.000000,1463.000000
-3090.000000,-1736.000000,1661.000000
-3521.000000,-1785.000000,1830.000000
-3928.000000,-1815.000000,1941.000000
-4273.000000,-1829.000000,1999.000000
-4553.000000,-1900.000000,2059.000000
-4890.000000,-2085.000000,2134.000000
-5244.000000,-2401.000000,2244.000000
-5598.000000,-2749.000000,2433.000000
-5962.000000,-2970.000000,2608.000000
-6280.000000,-2990.000000,2712.000000
-6680.000000,-2903.000000,2759.000000
-7046.000000,-2868.000000,2836.000000
-7302.000000,-2918.000000,2983.000000
-7612.000000,-3124.000000,3174.000000
-8007.000000,-3270.000000,3314.000000
-8444.000000,-3094.000000,3391.000000
-8813.000000,-2526.000000,3382.000000
-9051.000000,-1758.000000,3218.000000
-9126.000000,-984.000000,2950.000000
-8965.000000,-469.000000,2603.000000
-8616.000000,-338.000000,2308.000000
-8214.000000,-417.000000,2156.000000
-7847.000000,-621.000000,2072.000000
-7382.000000,-700.000000,1960.000000
-6892.000000,-384.000000,1884.000000
-6398.000000,54.000000,1809.000000
-5588.000000,633.000000,1638.000000
-4563.000000,1031.000000,1456.000000
-3745.000000,993.000000,1428.000000
-3187.000000,699.000000,1438.000000
-2801.000000,433.000000,1315.000000
-2363.000000,385.000000,1163.000000
-1842.000000,516.000000,1098.000000
-1315.000000,656.000000,1102.000000
-846.000000,708.000000,1066.000000
-582.000000,671.000000,960.000000
-427.000000,620.000000,799.000000
-192.000000,647.000000,618.000000
80.000000,698.000000,452.000000
333.000000,742.000000,322.000000
551.000000,768.000000,282.000000
672.000000,752.000000,348.000000
776.000000,747.000000,467.000000
927.000000,749.000000,577.000000
1041.000000,690.000000,630.000000
1097.000000,601.000000,651.000000
1144.000000,540.000000,655.000000
1244.000000,593.000000,656.000000
1369.000000,716.000000,676.000000
1479.000000,803.000000,722.000000
1585.000000,874.000000,808.000000
1640.000000,950.000000,963.000000
1638.000000,987.000000,1135.000000
1658.000000,1035.000000,1288.000000
1726.000000,1085.000000,1464.000000
1835.000000,1152.000000,1646.000000
1995.000000,1254.000000,1853.000000
2192.000000,1373.000000,2113.000000
2384.000000,1516.000000,2382.000000
2596.000000,1722.000000,2581.000000
2750.000000,1853.000000,2716.000000
2863.000000,1937.000000,2850.000000
3051.000000,1949.000000,3037.000000
3391.000000,1977.000000,3287.000000
3789.000000,2078.000000,3649.000000
4011.000000,2203.000000,4102.000000
4213.000000,2512.000000,4495.000000
4503.000000,2897.000000,4743.000000
4795.000000,3099.000000,4788.000000
5125.000000,3038.000000,4665.000000
5468.000000,2693.000000,4488.000000
5792.000000,2220.000000,4373.000000
6100.000000,1902.000000,4351.000000
6345.000000,1712.000000,4409.000000
6541.000000,1537.000000,4515.000000
6729.000000,1416.000000,4562.000000
6794.000000,1308.000000,4525.000000
6648.000000,1097.000000,4433.000000
6573.000000,951.000000,4273.000000
6277.000000,597.000000,4102.000000
5870.000000,145.000000,3929.000000
5348.000000,-259.000000,3711.000000
4775.000000,-541.000000,3437.000000
4386.000000,-453.000000,3193.000000
3945.000000,-198.000000,2995.000000
3289.000000,21.000000,2822.000000
2591.000000,156.000000,2661.000000
2121.000000,208.000000,2493.000000
1733.000000,167.000000,2319.000000
1331.000000,55.000000,2067.000000
1029.000000,-99.000000,1754.000000
777.000000,-204.000000,1430.000000
677.000000,-158.000000,1056.000000
590.000000,42.000000,700.000000
437.000000,267.000000,392.000000
371.000000,504.000000,106.000000
338.000000,768.000000,-138.000000
101.000000,891.000000,-227.000000
-69.000000,915.000000,-230.000000
30.000000,999.000000,-230.000000
79.000000,976.000000,-191.000000
62.000000,883.000000,-143.000000
75.000000,751.000000,-132.000000
125.000000,614.000000,-150.000000
155.000000,542.000000,-168.000000
116.000000,507.000000,-188.000000
107.000000,530.000000,-211.000000
166.000000,623.000000,-192.000000
244.000000,723.000000,-131.000000
247.000000,805.000000,-89.000000
168.000000,831.000000,-104.000000
110.000000,842.000000,-131.000000
126.000000,825.000000,-156.000000
163.000000,733.000000,-171.000000
211.000000,576.000000,-179.000000
263.000000,432.000000,-187.000000
328.000000,327.000000,-201.000000
