-379.000000,-112.000000,19.000000
-476.000000,-321.000000,39.000000
-571.000000,-608.000000,37.000000
-501.000000,-774.000000,-18.000000
-462.000000,-952.000000,-74.000000
-465.000000,-1216.000000,-166.000000
-552.000000,-1472.000000,-235.000000
-501.000000,-1550.000000,-410.000000
-301.000000,-1768.000000,-681.000000
47.000000,-1968.000000,-946.000000
647.000000,-2026.000000,-1245.000000
1371.000000,-2034.000000,-1685.000000
2241.000000,-1859.000000,-2214.000000
3289.000000,-1486.000000,-2770.000000
4424.000000,-1121.000000,-3385.000000
5439.000000,-875.000000,-3897.000000
6372.000000,-842.000000,-4321.000000
7291.000000,-955.000000,-4747.000000
8149.000000,-1081.000000,-5117.000000
8855.000000,-1242.000000,-5422.000000
9455.000000,-1456.000000,-5705.000000
9947.000000,-1716.000000,-5944.000000
10353.000000,-1880.000000,-6181.000000
10637.000000,-1932.000000,-6282.000000
10790.000000,-1865.000000,-6185.000000
10824.000000,-1833.000000,-5922.000000
10740.000000,-1646.000000,-5736.000000
10499.000000,-1408.000000,-5359.000000
10257.000000,-1166.000000,-4967.000000
10073.000000,-802.000000,-4625.000000
9827.000000,-321.000000,-4276.000000
9394.000000,251.000000,-3911.000000
8898.000000,890.000000,-3560.000000
8417.000000,1253.000000,-3304.000000
7989.000000,1394.000000,-3093.000000
7602.000000,1223.000000,-2855.000000
7073.000000,739.000000,-2623.000000
6502.000000,344.000000,-2279.000000
6496.000000,-180.000000,-2134.000000
6075.000000,-888.000000,-1786.000000
5337.000000,-1465.000000,-1407.000000
4455.000000,-1623.000000,-984.000000
3807.000000,-1480.000000,-754.000000
3093.000000,-1358.000000,-656.000000
2325.000000,-1342.000000,-594.000000
1667.000000,-1346.000000,-573.000000
1082.000000,-1400.000000,-533.000000
492.000000,-1554.000000,-479.000000
-111.000000,-1765.000000,-401.000000
-691.000000,-1938.000000,-315.000000
-1261.000000,-2003.000000,-234.000000
-1739.000000,-1922.000000,-190.000000
-2038.000000,-1654.000000,-191.000000
-2195.000000,-1428.000000,-242.000000
-2320.000000,-1309.000000,-291.000000
-2539.000000,-1291.000000,-300.000000
-2810.000000,-1407.000000,-254.000000
-3072.000000,-1567.000000,-125.000000
-3330.000000,-1746.000000,83.000000
-3586.000000,-1941.000000,306.000000
-3932.000000,-2005.000000,522.000000
-4371.000000,-1940.000000,714.000000
-4812.000000,-1882.000000,845.000000
-5251.000000,-1817.000000,899.000000
-5631.000000,-1723.000000,868.000000
-6027.000000,-1733.000000,824.000000
-6407.000000,-1694.000000,747.000000
-6752.000000,-1717.000000,647.000000
-7023.000000,-1809.000000,483.000000
-7368.000000,-2114.000000,297.000000
-7875.000000,-2457.000000,161.000000
-8476.000000,-2710.000000,106.000000
-9026.000000,-2755.000000,68.000000
-9588.000000,-2665.000000,96.000000
-10014.000000,-2358.000000,138.000000
-10475.000000,-1942.000000,149.000000
-10947.000000,-1611.000000,51.000000
-11495.000000,-1239.000000,-243.000000
-12274.000000,-870.000000,-371.000000
-12740.000000,-765.000000,-244.000000
-13021.000000,-998.000000,-64.000000
-13147.000000,-1355.000000,162.000000
-12782.000000,-1303.000000,200.000000
-12087.000000,-745.000000,186.000000
-11197.000000,-242.000000,191.000000
-10120.000000,-17.000000,103.000000
-9256.000000,-136.000000,77.000000
-8610.000000,-371.000000,128.000000
-8103.000000,-326.000000,171.000000
-8092.000000,160.000000,79.000000
-7397.000000,782.000000,406.000000
-6142.000000,1558.000000,841.000000
-5406.000000,2176.000000,1058.000000
-4802.000000,2312.000000,1096.000000
-4112.000000,2099.000000,1073.000000
-3504.000000,1743.000000,1081.000000
-3212.000000,1574.000000,970.000000
-2824.000000,1482.000000,851.000000
-1920.000000,1285.000000,749.000000
-1311.000000,1181.000000,726.000000
-909.000000,1149.000000,712.000000
-537.000000,1089.000000,747.000000
-310.000000,1052.000000,817.000000
-161.000000,1074.000000,871.000000
86.000000,1079.000000,893.000000
350.000000,1059.000000,899.000000
581.000000,1025.000000,908.000000
810.000000,964.000000,926.000000
1014.000000,914.000000,976.000000
1209.000000,928.000000,1079.000000
1403.000000,1002.000000,1221.000000
1641.000000,1105.000000,1405.000000
1889.000000,1210.000000,1651.000000
2044.000000,1336.000000,1977.000000
2105.000000,1543.000000,2323.000000
2061.000000,1797.000000,2702.000000
1993.000000,2112.000000,3113.000000
2020.000000,2319.000000,3523.000000
2096.000000,2368.000000,3970.000000
2257.000000,2247.000000,4465.000000
2494.000000,2024.000000,4993.000000
2769.000000,1746.000000,5517.000000
2968.000000,1434.000000,6018.000000
3095.000000,1221.000000,6470.000000
3158.000000,1153.000000,6865.000000
3185.000000,1220.000000,7303.000000
3288.000000,1329.000000,7765.000000
3465.000000,1433.000000,8202.000000
3419.000000,1418.000000,8628.000000
3245.000000,1347.000000,8930.000000
3195.000000,1342.000000,9125.000000
3136.000000,1387.000000,9189.000000
2988.000000,1322.000000,9143.000000
2888.000000,1228.000000,8979.000000
2801.000000,1034.000000,8645.000000
2599.000000,744.000000,8200.000000
2328.000000,569.000000,7596.000000
2001.000000,412.000000,6920.000000
1899.000000,436.000000,6316.000000
1911.000000,624.000000,5835.000000
1692.000000,667.000000,5494.000000
1346.000000,691.000000,5205.000000
1167.000000,850.000000,4951.000000
1111.000000,1097.000000,4677.000000
911.000000,1369.000000,4414.000000
601.000000,1495.000000,4154.000000
363.000000,1548.000000,3898.000000
268.000000,1436.000000,3620.000000
193.000000,1245.000000,3342.000000
119.000000,1005.000000,3071.000000
118.000000,722.000000,2747.000000
194.000000,424.000000,2368.000000
299.000000,264.000000,1974.000000
384.000000,254.000000,1589.000000
380.000000,346.000000,1293.000000
349.000000,455.000000,1128.000000
382.000000,499.000000,963.000000
394.000000,555.000000,557.000000
376.000000,666.000000,280.000000
412.000000,658.000000,191.000000
419.000000,616.000000,160.000000
438.000000,540.000000,85.000000
410.000000,490.000000,11.000000
391.000000,467.000000,-77.000000
331.000000,476.000000,-142.000000
321.000000,534.000000,-204.000000
283.000000,633.000000,-195.000000
282.000000,732.000000,-185.000000
256.000000,768.000000,-221.000000
250.000000,745.000000,-206.000000
182.000000,704.000000,-176.000000
83.000000,666.000000,-147.000000
26.000000,632.000000,-146.000000
14.000000,610.000000,-175.000000
-1.000000,612.000000,-207.000000
-25.000000,636.000000,-242.000000
-24.000000,694.000000,-264.000000
39.000000,802.000000,-259.000000
147.000000,883.000000,-219.000000
210.000000,843.000000,-290.000000
197.000000,885.000000,-266.000000
165.000000,889.000000,-236.000000
129.000000,894.000000,-201.000000
128.000000,893.000000,-177.000000
133.000000,937.000000,-217.000000
163.000000,961.000000,-259.000000
194.000000,958.000000,-270.000000
202.000000,856.000000,-297.000000
185.000000,789.000000,-308.000000
165.000000,784.000000,-275.000000
160.000000,798.000000,-268.000000
158.000000,833.000000,-288.000000
173.000000,857.000000,-305.000000
239.000000,856.000000,-297.000000
243.000000,794.000000,-286.000000
177.000000,697.000000,-255.000000
136.000000,608.000000,-219.000000
160.000000,531.000000,-200.000000
224.000000,518.000000,-200.000000
161.000000,563.000000,-177.000000
