-203.000000,-92.000000,187.000000
16.000000,-210.000000,178.000000
162.000000,-270.000000,193.000000
58.000000,-508.000000,208.000000
0.000000,-965.000000,210.000000
42.000000,-1323.000000,245.000000
-13.000000,-1520.000000,254.000000
-48.000000,-1680.000000,22.000000
-140.000000,-1810.000000,-436.000000
59.000000,-1971.000000,-1090.000000
686.000000,-1763.000000,-1931.000000
1562.000000,-1435.000000,-2852.000000
2390.000000,-1022.000000,-3763.000000
2768.000000,-965.000000,-4558.000000
3019.000000,-945.000000,-5258.000000
3378.000000,-847.000000,-5833.000000
3847.000000,-994.000000,-6388.000000
4300.000000,-1224.000000,-6893.000000
4602.000000,-1438.000000,-7285.000000
4799.000000,-1677.000000,-7648.000000
4985.000000,-1834.000000,-7900.000000
5243.000000,-1989.000000,-8077.000000
5539.000000,-2234.000000,-8267.000000
5706.000000,-2516.000000,-8423.000000
5765.000000,-2736.000000,-8624.000000
5806.000000,-2902.000000,-8734.000000
5714.000000,-3154.000000,-8765.000000
5308.000000,-3229.000000,-8684.000000
4829.000000,-2921.000000,-8608.000000
4559.000000,-2331.000000,-8475.000000
4459.000000,-1520.000000,-8314.000000
4308.000000,-864.000000,-7920.000000
4091.000000,-570.000000,-7376.000000
3786.000000,-543.000000,-6796.000000
3452.000000,-654.000000,-6172.000000
3214.000000,-824.000000,-5605.000000
3058.000000,-968.000000,-5072.000000
2800.000000,-1059.000000,-4495.000000
2546.000000,-1361.000000,-3897.000000
2391.000000,-1684.000000,-3271.000000
2232.000000,-1991.000000,-2662.000000
2085.000000,-2054.000000,-2251.000000
1966.000000,-1928.000000,-1970.000000
1846.000000,-1779.000000,-1653.000000
1707.000000,-1599.000000,-1307.000000
1463.000000,-1554.000000,-1005.000000
1196.000000,-1559.000000,-703.000000
991.000000,-1632.000000,-399.000000
803.000000,-1684.000000,-143.000000
602.000000,-1683.000000,-27.000000
410.000000,-1682.000000,70.000000
255.000000,-1606.000000,143.000000
146.000000,-1548.000000,160.000000
-38.000000,-1496.000000,200.000000
-316.000000,-1380.000000,217.000000
-571.000000,-1090.000000,243.000000
-826.000000,-719.000000,293.000000
-959.000000,-482.000000,409.000000
-1028.000000,-485.000000,583.000000
-1211.000000,-684.000000,797.000000
-1478.000000,-1016.000000,1033.000000
-1707.000000,-1316.000000,1309.000000
-1939.000000,-1522.000000,1623.000000
-2161.000000,-1623.000000,1962.000000
-2358.000000,-1611.000000,2289.000000
-2652.000000,-1495.000000,2520.000000
-3087.000000,-1504.000000,2665.000000
-3582.000000,-1684.000000,2735.000000
-4091.000000,-1920.000000,2750.000000
-4551.000000,-2150.000000,2810.000000
-4887.000000,-2453.000000,3020.000000
-5137.000000,-2803.000000,3388.000000
-5486.000000,-3100.000000,3863.000000
-5912.000000,-3235.000000,4413.000000
-6307.000000,-3266.000000,5042.000000
-6702.000000,-3381.000000,5784.000000
-6986.000000,-3629.000000,6592.000000
-7366.000000,-3922.000000,7308.000000
-8038.000000,-4250.000000,7743.000000
-8793.000000,-4393.000000,7843.000000
-9353.000000,-4117.000000,7687.000000
-9617.000000,-3468.000000,7404.000000
-9735.000000,-2804.000000,7178.000000
-9727.000000,-2372.000000,6958.000000
-9710.000000,-2130.000000,6657.000000
-9694.000000,-1849.000000,6243.000000
-9582.000000,-1418.000000,5713.000000
-9376.000000,-863.000000,5133.000000
-9523.000000,-625.000000,4504.000000
-9165.000000,-342.000000,3989.000000
-7352.000000,225.000000,3903.000000
-5736.000000,1016.000000,3745.000000
-5254.000000,1416.000000,3252.000000
-4955.000000,1594.000000,2826.000000
-4200.000000,1752.000000,2680.000000
-3203.000000,1889.000000,2584.000000
-2504.000000,1970.000000,2260.000000
-2165.000000,2067.000000,1791.000000
-1797.000000,2190.000000,1454.000000
-1204.000000,2197.000000,1035.000000
-681.000000,2067.000000,637.000000
-423.000000,1847.000000,357.000000
-188.000000,1654.000000,104.000000
95.000000,1540.000000,-109.000000
352.000000,1473.000000,-217.000000
607.000000,1401.000000,-243.000000
798.000000,1303.000000,-269.000000
828.000000,1178.000000,-298.000000
855.000000,1090.000000,-306.000000
976.000000,1066.000000,-288.000000
1113.000000,1080.000000,-280.000000
1199.000000,1113.000000,-266.000000
1206.000000,1161.000000,-206.000000
1182.000000,1197.000000,-129.000000
1150.000000,1187.000000,-33.000000
1174.000000,1157.000000,102.000000
1269.000000,1179.000000,263.000000
1356.000000,1307.000000,471.000000
1439.000000,1424.000000,689.000000
1634.000000,1476.000000,866.000000
1920.000000,1500.000000,1143.000000
2149.000000,1563.000000,1499.000000
2273.000000,1628.000000,1797.000000
2407.000000,1679.000000,2120.000000
2688.000000,1738.000000,2463.000000
3098.000000,1736.000000,2751.000000
3475.000000,1616.000000,2976.000000
3754.000000,1471.000000,3165.000000
4109.000000,1377.000000,3381.000000
4633.000000,1525.000000,3638.000000
5268.000000,1807.000000,3917.000000
5877.000000,1950.000000,4058.000000
6322.000000,1864.000000,3998.000000
6512.000000,1527.000000,3854.000000
6647.000000,1147.000000,3692.000000
6897.000000,921.000000,3535.000000
7153.000000,887.000000,3403.000000
7374.000000,893.000000,3345.000000
7559.000000,901.000000,3345.000000
7658.000000,918.000000,3376.000000
7623.000000,950.000000,3421.000000
7360.000000,866.000000,3450.000000
6954.000000,670.000000,3423.000000
6469.000000,375.000000,3293.000000
6163.000000,207.000000,3079.000000
5893.000000,77.000000,2869.000000
5637.000000,-200.000000,2651.000000
5428.000000,-465.000000,2422.000000
5137.000000,-648.000000,2178.000000
4698.000000,-746.000000,1933.000000
4108.000000,-750.000000,1740.000000
3537.000000,-618.000000,1646.000000
3157.000000,-341.000000,1578.000000
2871.000000,-81.000000,1487.000000
2468.000000,-9.000000,1365.000000
1952.000000,-103.000000,1211.000000
1513.000000,-159.000000,996.000000
1221.000000,-73.000000,753.000000
957.000000,53.000000,489.000000
599.000000,112.000000,238.000000
277.000000,153.000000,45.000000
80.000000,239.000000,-85.000000
-32.000000,325.000000,-150.000000
-155.000000,371.000000,-152.000000
-261.000000,411.000000,-124.000000
-346.000000,420.000000,-100.000000
-433.000000,350.000000,-122.000000
-490.000000,266.000000,-159.000000
-486.000000,275.000000,-189.000000
-399.000000,401.000000,-211.000000
-270.000000,496.000000,-216.000000
-261.000000,523.000000,-209.000000
-364.000000,525.000000,-190.000000
-371.000000,591.000000,-150.000000
-295.000000,695.000000,-97.000000
-242.000000,768.000000,-70.000000
-211.000000,794.000000,-59.000000
-202.000000,740.000000,-74.000000
-182.000000,689.000000,-94.000000
-114.000000,710.000000,-123.000000
-52.000000,677.000000,-175.000000
-53.000000,636.000000,-206.000000
-94.000000,647.000000,-235.000000
-180.000000,662.000000,-268.000000
-278.000000,668.000000,-297.000000
-295.000000,717.000000,-298.000000
-269.000000,778.000000,-262.000000
-269.000000,803.000000,-229.000000
-286.000000,822.000000,-245.000000
-275.000000,844.000000,-267.000000
-256.000000,835.000000,-296.000000
-263.000000,811.000000,-312.000000
-313.000000,753.000000,-349.000000
-411.000000,739.000000,-400.000000
-500.000000,841.000000,-455.000000
-549.000000,1025.000000,-461.000000
-540.000000,1257.000000,-428.000000
-532.000000,1355.000000,-395.000000
-581.000000,1296.000000,-380.000000
-598.000000,1245.000000,-384.000000
