-120.000000,205.000000,-238.000000
-157.000000,263.000000,-162.000000
-209.000000,387.000000,-122.000000
-282.000000,464.000000,-98.000000
-313.000000,499.000000,-93.000000
-334.000000,548.000000,-77.000000
-407.000000,582.000000,-44.000000
-453.000000,615.000000,22.000000
-450.000000,623.000000,190.000000
-460.000000,615.000000,376.000000
-463.000000,571.000000,575.000000
-491.000000,564.000000,761.000000
-557.000000,560.000000,939.000000
-590.000000,580.000000,1106.000000
-620.000000,636.000000,1230.000000
-741.000000,642.000000,1326.000000
-857.000000,698.000000,1458.000000
-918.000000,680.000000,1643.000000
-1167.000000,368.000000,1912.000000
-1497.000000,-4.000000,2378.000000
-1718.000000,-218.000000,2894.000000
-1826.000000,-196.000000,3307.000000
-1904.000000,-99.000000,3571.000000
-1971.000000,-1.000000,3763.000000
-2068.000000,134.000000,3883.000000
-2231.000000,211.000000,3967.000000
-2486.000000,139.000000,4134.000000
-2828.000000,-80.000000,4387.000000
-3122.000000,-374.000000,4792.000000
-3397.000000,-620.000000,5300.000000
-3531.000000,-608.000000,5852.000000
-3414.000000,-493.000000,6036.000000
-3442.000000,-512.000000,6124.000000
-3750.000000,-639.000000,6183.000000
-4309.000000,-1034.000000,6436.000000
-4642.000000,-1192.000000,6767.000000
-4616.000000,-918.000000,7005.000000
-4469.000000,-489.000000,7234.000000
-4169.000000,-46.000000,7292.000000
-3774.000000,95.000000,6972.000000
-3585.000000,-177.000000,6530.000000
-3375.000000,-529.000000,6093.000000
-3018.000000,-756.000000,5729.000000
-2706.000000,-697.000000,5445.000000
-2402.000000,-310.000000,5179.000000
-2044.000000,228.000000,4856.000000
-1752.000000,535.000000,4419.000000
-1595.000000,587.000000,3884.000000
-1558.000000,441.000000,3363.000000
-1465.000000,382.000000,2901.000000
-1300.000000,399.000000,2511.000000
-1073.000000,532.000000,2173.000000
-874.000000,692.000000,1817.000000
-733.000000,855.000000,1447.000000
-579.000000,983.000000,1032.000000
-419.000000,1011.000000,666.000000
-285.000000,974.000000,411.000000
-179.000000,837.000000,198.000000
-121.000000,665.000000,20.000000
-73.000000,535.000000,-116.000000
-162.000000,461.000000,-222.000000
-400.000000,422.000000,-351.000000
-395.000000,466.000000,-457.000000
-251.000000,468.000000,-560.000000
-208.000000,357.000000,-679.000000
-186.000000,288.000000,-809.000000
-226.000000,266.000000,-918.000000
-300.000000,387.000000,-1025.000000
-387.000000,465.000000,-1116.000000
-494.000000,486.000000,-1251.000000
-539.000000,529.000000,-1421.000000
-523.000000,542.000000,-1581.000000
-525.000000,526.000000,-1729.000000
-628.000000,518.000000,-1878.000000
-800.000000,538.000000,-2027.000000
-947.000000,663.000000,-2205.000000
-1040.000000,806.000000,-2406.000000
-1173.000000,900.000000,-2629.000000
-1363.000000,890.000000,-2891.000000
-1540.000000,844.000000,-3177.000000
-1719.000000,777.000000,-3466.000000
-1936.000000,700.000000,-3785.000000
-2157.000000,688.000000,-4113.000000
-2392.000000,791.000000,-4440.000000
-2621.000000,966.000000,-4746.000000
-2832.000000,1049.000000,-5039.000000
-3064.000000,997.000000,-5306.000000
-3275.000000,892.000000,-5542.000000
-3437.000000,833.000000,-5777.000000
-3591.000000,788.000000,-6007.000000
-3717.000000,797.000000,-6245.000000
-3787.000000,893.000000,-6510.000000
-3867.000000,988.000000,-6783.000000
-3943.000000,1031.000000,-7063.000000
-3965.000000,1048.000000,-7302.000000
-3710.000000,994.000000,-7506.000000
-3730.000000,857.000000,-7655.000000
-4013.000000,801.000000,-7592.000000
-3885.000000,869.000000,-7388.000000
-3544.000000,986.000000,-7244.000000
-3251.000000,935.000000,-7038.000000
-3018.000000,828.000000,-6787.000000
-2801.000000,749.000000,-6558.000000
-2632.000000,678.000000,-6229.000000
-2476.000000,592.000000,-5757.000000
-2226.000000,487.000000,-5200.000000
-1961.000000,497.000000,-4582.000000
-1682.000000,522.000000,-3987.000000
-1355.000000,514.000000,-3535.000000
-1165.000000,516.000000,-3105.000000
-976.000000,625.000000,-2669.000000
-772.000000,812.000000,-2286.000000
-600.000000,938.000000,-1973.000000
-404.000000,955.000000,-1696.000000
-161.000000,943.000000,-1440.000000
85.000000,931.000000,-1194.000000
246.000000,945.000000,-967.000000
344.000000,1015.000000,-732.000000
408.000000,1070.000000,-544.000000
428.000000,1062.000000,-455.000000
450.000000,1017.000000,-431.000000
540.000000,985.000000,-422.000000
672.000000,948.000000,-309.000000
819.000000,861.000000,-86.000000
939.000000,735.000000,163.000000
1024.000000,649.000000,356.000000
1113.000000,582.000000,442.000000
1216.000000,474.000000,463.000000
1336.000000,382.000000,505.000000
1508.000000,354.000000,596.000000
1726.000000,403.000000,732.000000
1960.000000,468.000000,857.000000
2198.000000,555.000000,972.000000
2451.000000,617.000000,1125.000000
2753.000000,672.000000,1267.000000
3168.000000,778.000000,1439.000000
3613.000000,863.000000,1598.000000
4050.000000,935.000000,1734.000000
4544.000000,1091.000000,1854.000000
4970.000000,1309.000000,1961.000000
5281.000000,1473.000000,2090.000000
5597.000000,1522.000000,2244.000000
5955.000000,1435.000000,2433.000000
6316.000000,1326.000000,2607.000000
6654.000000,1256.000000,2732.000000
6919.000000,1285.000000,2793.000000
7111.000000,1328.000000,2770.000000
7297.000000,1314.000000,2661.000000
7472.000000,1281.000000,2520.000000
7549.000000,1286.000000,2409.000000
7597.000000,1308.000000,2366.000000
7605.000000,1325.000000,2389.000000
7555.000000,1410.000000,2400.000000
7449.000000,1551.000000,2370.000000
7319.000000,1610.000000,2285.000000
7181.000000,1573.000000,2157.000000
7073.000000,1605.000000,2053.000000
6839.000000,1567.000000,2040.000000
6427.000000,1389.000000,2104.000000
5919.000000,1169.000000,2156.000000
5411.000000,937.000000,2173.000000
4995.000000,731.000000,2147.000000
4708.000000,525.000000,2077.000000
4477.000000,335.000000,1931.000000
4249.000000,250.000000,1752.000000
3932.000000,168.000000,1626.000000
3557.000000,152.000000,1591.000000
3228.000000,287.000000,1561.000000
3018.000000,491.000000,1398.000000
2873.000000,615.000000,1165.000000
2702.000000,491.000000,912.000000
2483.000000,248.000000,714.000000
2240.000000,104.000000,618.000000
1984.000000,36.000000,572.000000
1940.000000,222.000000,592.000000
1760.000000,277.000000,591.000000
1298.000000,204.000000,471.000000
1102.000000,211.000000,341.000000
1039.000000,156.000000,214.000000
899.000000,60.000000,136.000000
712.000000,-59.000000,138.000000
542.000000,-129.000000,203.000000
409.000000,-81.000000,345.000000
226.000000,-43.000000,439.000000
117.000000,-35.000000,443.000000
65.000000,-139.000000,387.000000
-39.000000,-336.000000,332.000000
-190.000000,-488.000000,319.000000
-280.000000,-497.000000,357.000000
-321.000000,-378.000000,418.000000
-316.000000,-225.000000,429.000000
-263.000000,-78.000000,367.000000
-233.000000,-1.000000,261.000000
-257.000000,84.000000,192.000000
-300.000000,177.000000,143.000000
-338.000000,245.000000,49.000000
-348.000000,309.000000,-62.000000
-320.000000,393.000000,-149.000000
-273.000000,485.000000,-203.000000
-214.000000,570.000000,-232.000000
