283.000000,-104.000000,627.000000
124.000000,-123.000000,750.000000
-53.000000,-238.000000,863.000000
-294.000000,-409.000000,1014.000000
-461.000000,-659.000000,1233.000000
-548.000000,-971.000000,1482.000000
-628.000000,-1296.000000,1737.000000
-665.000000,-1507.000000,1918.000000
-615.000000,-1529.000000,1956.000000
-466.000000,-1359.000000,1927.000000
-275.000000,-1089.000000,1885.000000
-117.000000,-858.000000,1822.000000
-48.000000,-686.000000,1726.000000
-53.000000,-579.000000,1580.000000
-111.000000,-488.000000,1400.000000
-180.000000,-230.000000,1222.000000
-244.000000,100.000000,1178.000000
-341.000000,363.000000,1264.000000
-452.000000,633.000000,1346.000000
-559.000000,905.000000,1378.000000
-740.000000,1135.000000,1411.000000
-961.000000,1400.000000,1461.000000
-1145.000000,1810.000000,1677.000000
-1192.000000,2537.000000,2076.000000
-1220.000000,3496.000000,2774.000000
-1487.000000,4167.000000,3692.000000
-2183.000000,3901.000000,4619.000000
-3552.000000,2550.000000,5207.000000
-5435.000000,527.000000,5471.000000
-7414.000000,-1520.000000,5740.000000
-9099.000000,-3028.000000,6266.000000
-10281.000000,-3607.000000,7067.000000
-11066.000000,-3622.000000,8258.000000
-11657.000000,-3438.000000,9557.000000
-12191.000000,-3260.000000,10529.000000
-12685.000000,-3253.000000,11019.000000
-13137.000000,-3363.000000,11083.000000
-13377.000000,-3238.000000,10912.000000
-13119.000000,-2669.000000,10618.000000
-12321.000000,-1812.000000,10250.000000
-11304.000000,-1071.000000,9891.000000
-10621.000000,-852.000000,9591.000000
-10432.000000,-1004.000000,9225.000000
-10243.000000,-1054.000000,8665.000000
-9738.000000,-960.000000,7990.000000
-9047.000000,-710.000000,7353.000000
-8748.000000,-238.000000,6866.000000
-8676.000000,20.000000,6091.000000
-8827.000000,349.000000,5497.000000
-9348.000000,761.000000,5527.000000
-9461.000000,979.000000,5539.000000
-8760.000000,1220.000000,5255.000000
-7592.000000,1267.000000,4769.000000
-6572.000000,886.000000,4268.000000
-5890.000000,284.000000,3828.000000
-5203.000000,-207.000000,3444.000000
-4368.000000,-376.000000,3163.000000
-3449.000000,-145.000000,2945.000000
-2490.000000,455.000000,2555.000000
-1597.000000,1181.000000,1942.000000
-876.000000,1747.000000,1247.000000
-245.000000,2014.000000,761.000000
300.000000,2110.000000,605.000000
564.000000,2300.000000,657.000000
1018.000000,2379.000000,527.000000
1505.000000,2543.000000,235.000000
2236.000000,2408.000000,7.000000
3085.000000,2098.000000,-98.000000
3296.000000,1791.000000,-394.000000
3089.000000,1269.000000,-707.000000
2712.000000,745.000000,-968.000000
2422.000000,391.000000,-1128.000000
2320.000000,220.000000,-1196.000000
2362.000000,158.000000,-1201.000000
2404.000000,72.000000,-1207.000000
2252.000000,-123.000000,-1177.000000
1916.000000,-326.000000,-1067.000000
1590.000000,-506.000000,-910.000000
1415.000000,-663.000000,-822.000000
1374.000000,-796.000000,-863.000000
1431.000000,-937.000000,-999.000000
1429.000000,-1140.000000,-1176.000000
1310.000000,-1434.000000,-1350.000000
1037.000000,-1835.000000,-1408.000000
724.000000,-2233.000000,-1579.000000
452.000000,-2412.000000,-2055.000000
95.000000,-2277.000000,-2595.000000
-306.000000,-1910.000000,-2961.000000
-721.000000,-1177.000000,-3285.000000
-1213.000000,-496.000000,-3854.000000
-1880.000000,-191.000000,-4410.000000
-2612.000000,-252.000000,-4734.000000
-3336.000000,-503.000000,-4919.000000
-4083.000000,-772.000000,-5192.000000
-4899.000000,-823.000000,-5678.000000
-6086.000000,-887.000000,-6329.000000
-7699.000000,-1394.000000,-6942.000000
-8917.000000,-1964.000000,-7465.000000
-9305.000000,-2287.000000,-7676.000000
-9370.000000,-2533.000000,-7781.000000
-9380.000000,-2690.000000,-7946.000000
-9466.000000,-2865.000000,-7990.000000
-10001.000000,-3552.000000,-7964.000000
-10904.000000,-4338.000000,-7814.000000
-11484.000000,-4437.000000,-7474.000000
-11200.000000,-3643.000000,-6933.000000
-10094.000000,-2236.000000,-6190.000000
-8467.000000,-493.000000,-5283.000000
-6791.000000,1065.000000,-4270.000000
-5542.000000,2067.000000,-3324.000000
-4432.000000,2592.000000,-2802.000000
-3153.000000,2860.000000,-2555.000000
-1811.000000,2844.000000,-2437.000000
-846.000000,2637.000000,-2241.000000
254.000000,2308.000000,-2323.000000
1424.000000,2373.000000,-2443.000000
1839.000000,2680.000000,-2352.000000
1667.000000,2923.000000,-2127.000000
1518.000000,3018.000000,-1905.000000
1493.000000,2900.000000,-1702.000000
1567.000000,2779.000000,-1470.000000
1595.000000,2849.000000,-1163.000000
1508.000000,3065.000000,-875.000000
1438.000000,3325.000000,-639.000000
1443.000000,3514.000000,-303.000000
1188.000000,3307.000000,-17.000000
802.000000,2837.000000,-43.000000
666.000000,2520.000000,-365.000000
732.000000,2238.000000,-754.000000
756.000000,1996.000000,-993.000000
689.000000,1722.000000,-1087.000000
324.000000,1612.000000,-995.000000
-191.000000,1650.000000,-825.000000
-265.000000,1573.000000,-693.000000
-112.000000,1598.000000,-636.000000
-21.000000,1634.000000,-623.000000
-69.000000,1650.000000,-617.000000
-210.000000,1625.000000,-632.000000
-302.000000,1426.000000,-722.000000
-216.000000,1289.000000,-861.000000
58.000000,1309.000000,-944.000000
298.000000,1371.000000,-951.000000
435.000000,1431.000000,-950.000000
599.000000,1489.000000,-951.000000
838.000000,1605.000000,-915.000000
1066.000000,1888.000000,-816.000000
1248.000000,2266.000000,-739.000000
1219.000000,2435.000000,-696.000000
1038.000000,2308.000000,-621.000000
970.000000,2076.000000,-513.000000
1105.000000,2014.000000,-436.000000
1370.000000,2043.000000,-453.000000
1557.000000,1919.000000,-544.000000
1660.000000,1731.000000,-605.000000
1900.000000,1674.000000,-566.000000
2198.000000,1694.000000,-444.000000
2263.000000,1643.000000,-323.000000
2161.000000,1632.000000,-237.000000
2129.000000,1729.000000,-136.000000
2159.000000,1844.000000,44.000000
2160.000000,1939.000000,256.000000
2093.000000,1929.000000,399.000000
1994.000000,1678.000000,459.000000
1960.000000,1307.000000,489.000000
2042.000000,1103.000000,528.000000
2221.000000,1148.000000,577.000000
2368.000000,1347.000000,547.000000
2383.000000,1514.000000,419.000000
2331.000000,1557.000000,214.000000
2305.000000,1435.000000,23.000000
2345.000000,1232.000000,-48.000000
2394.000000,1095.000000,-11.000000
2325.000000,1086.000000,72.000000
1999.000000,963.000000,109.000000
1433.000000,690.000000,39.000000
769.000000,480.000000,-101.000000
179.000000,370.000000,-177.000000
-240.000000,327.000000,-140.000000
-528.000000,193.000000,-38.000000
-689.000000,21.000000,117.000000
-667.000000,-52.000000,306.000000
-618.000000,-191.000000,506.000000
-650.000000,-337.000000,609.000000
-667.000000,-343.000000,562.000000
-386.000000,-326.000000,495.000000
-42.000000,-202.000000,377.000000
151.000000,-9.000000,281.000000
267.000000,137.000000,167.000000
361.000000,230.000000,79.000000
436.000000,391.000000,72.000000
457.000000,581.000000,63.000000
365.000000,611.000000,62.000000
184.000000,515.000000,64.000000
-6.000000,352.000000,94.000000
-148.000000,156.000000,124.000000
-208.000000,-30.000000,130.000000
-174.000000,-87.000000,40.000000
-98.000000,-2.000000,-93.000000
-56.000000,141.000000,-177.000000
-46.000000,311.000000,-199.000000
