282.000000,350.000000,-71.000000
350.000000,377.000000,-81.000000
332.000000,415.000000,-99.000000
285.000000,406.000000,-118.000000
286.000000,370.000000,-129.000000
247.000000,393.000000,-130.000000
187.000000,466.000000,-67.000000
140.000000,488.000000,-25.000000
74.000000,400.000000,0.000000
14.000000,272.000000,54.000000
-78.000000,111.000000,118.000000
-200.000000,-109.000000,264.000000
-269.000000,-206.000000,419.000000
-443.000000,-516.000000,524.000000
-678.000000,-901.000000,661.000000
-933.000000,-1324.000000,893.000000
-1280.000000,-1900.000000,1153.000000
-1766.000000,-2578.000000,1516.000000
-2328.000000,-3202.000000,2008.000000
-2787.000000,-3808.000000,2491.000000
-3285.000000,-4279.000000,2966.000000
-4014.000000,-4844.000000,3504.000000
-4983.000000,-5695.000000,4223.000000
-6003.000000,-6544.000000,5060.000000
-6900.000000,-7071.000000,5876.000000
-7665.000000,-7361.000000,6563.000000
-8277.000000,-7261.000000,7114.000000
-8794.000000,-6886.000000,7609.000000
-9408.000000,-6249.000000,8128.000000
-10007.000000,-5152.000000,8608.000000
-10506.000000,-3954.000000,8904.000000
-11003.000000,-2970.000000,9179.000000
-11340.000000,-2136.000000,9470.000000
-11191.000000,-1227.000000,9576.000000
-10683.000000,-264.000000,9394.000000
-10059.000000,449.000000,8825.000000
-9573.000000,751.000000,8070.000000
-9050.000000,911.000000,7255.000000
-8407.000000,903.000000,6543.000000
-7838.000000,929.000000,5941.000000
-7375.000000,1091.000000,5393.000000
-7063.000000,1225.000000,4819.000000
-6783.000000,1392.000000,4330.000000
-6388.000000,1585.000000,3976.000000
-6023.000000,1759.000000,3729.000000
-5548.000000,1947.000000,3561.000000
-5218.000000,2102.000000,3549.000000
-5158.000000,2126.000000,3281.000000
-5229.000000,2096.000000,2920.000000
-5080.000000,2202.000000,2701.000000
-4525.000000,2398.000000,2591.000000
-3853.000000,2396.000000,2425.000000
-3183.000000,2187.000000,2143.000000
-2721.000000,1775.000000,1779.000000
-2452.000000,1478.000000,1405.000000
-2337.000000,1325.000000,1111.000000
-2198.000000,1322.000000,956.000000
-2012.000000,1456.000000,914.000000
-1812.000000,1739.000000,916.000000
-1282.000000,2011.000000,745.000000
-678.000000,2107.000000,435.000000
-310.000000,1954.000000,101.000000
-115.000000,1725.000000,-152.000000
58.000000,1549.000000,-301.000000
217.000000,1467.000000,-359.000000
361.000000,1488.000000,-332.000000
467.000000,1606.000000,-265.000000
562.000000,1798.000000,-223.000000
671.000000,1974.000000,-232.000000
795.000000,1990.000000,-237.000000
781.000000,1859.000000,-242.000000
700.000000,1635.000000,-262.000000
667.000000,1493.000000,-269.000000
611.000000,1400.000000,-213.000000
518.000000,1398.000000,-147.000000
523.000000,1513.000000,-117.000000
631.000000,1639.000000,-142.000000
719.000000,1668.000000,-219.000000
769.000000,1707.000000,-293.000000
669.000000,1683.000000,-426.000000
530.000000,1741.000000,-555.000000
465.000000,1931.000000,-662.000000
461.000000,2137.000000,-804.000000
426.000000,2230.000000,-953.000000
375.000000,2267.000000,-1067.000000
341.000000,2203.000000,-1141.000000
349.000000,2058.000000,-1214.000000
382.000000,2030.000000,-1296.000000
395.000000,2196.000000,-1440.000000
326.000000,2450.000000,-1625.000000
264.000000,2704.000000,-1836.000000
218.000000,2916.000000,-2140.000000
208.000000,3101.000000,-2524.000000
196.000000,3218.000000,-2948.000000
131.000000,3106.000000,-3292.000000
65.000000,2894.000000,-3553.000000
13.000000,2534.000000,-3769.000000
-37.000000,2122.000000,-3976.000000
-111.000000,1840.000000,-4235.000000
-242.000000,1735.000000,-4596.000000
-495.000000,1716.000000,-5065.000000
-890.000000,1767.000000,-5564.000000
-1483.000000,1932.000000,-5965.000000
-1892.000000,2274.000000,-6380.000000
-2237.000000,2733.000000,-6532.000000
-2542.000000,3030.000000,-6783.000000
-2643.000000,3085.000000,-6978.000000
-2799.000000,2888.000000,-7171.000000
-3090.000000,2617.000000,-7412.000000
-3177.000000,2454.000000,-7673.000000
-2990.000000,2287.000000,-7718.000000
-2821.000000,2006.000000,-7523.000000
-2760.000000,1737.000000,-7246.000000
-2637.000000,1693.000000,-6942.000000
-2448.000000,1835.000000,-6658.000000
-2298.000000,1947.000000,-6346.000000
-2149.000000,1944.000000,-6058.000000
-1978.000000,1854.000000,-5782.000000
-1797.000000,1743.000000,-5449.000000
-1518.000000,1707.000000,-5024.000000
-1204.000000,1780.000000,-4495.000000
-1003.000000,1911.000000,-3948.000000
-988.000000,1999.000000,-3388.000000
-984.000000,1990.000000,-2833.000000
-820.000000,1941.000000,-2317.000000
-622.000000,1917.000000,-1867.000000
-481.000000,1908.000000,-1515.000000
-331.000000,1822.000000,-1261.000000
-141.000000,1629.000000,-992.000000
38.000000,1385.000000,-865.000000
156.000000,1148.000000,-824.000000
259.000000,1044.000000,-701.000000
327.000000,956.000000,-494.000000
312.000000,765.000000,-300.000000
373.000000,712.000000,-171.000000
479.000000,735.000000,-137.000000
549.000000,735.000000,-145.000000
622.000000,720.000000,-156.000000
648.000000,728.000000,-117.000000
692.000000,697.000000,-134.000000
690.000000,577.000000,-184.000000
669.000000,459.000000,-124.000000
623.000000,292.000000,-39.000000
612.000000,140.000000,12.000000
689.000000,96.000000,72.000000
785.000000,136.000000,81.000000
739.000000,194.000000,12.000000
468.000000,263.000000,-64.000000
111.000000,390.000000,-93.000000
-155.000000,582.000000,-49.000000
-282.000000,694.000000,54.000000
-292.000000,671.000000,167.000000
-253.000000,579.000000,234.000000
-186.000000,529.000000,247.000000
-99.000000,522.000000,219.000000
-48.000000,520.000000,140.000000
-59.000000,499.000000,55.000000
-111.000000,479.000000,-3.000000
-154.000000,509.000000,4.000000
-129.000000,591.000000,36.000000
-80.000000,692.000000,61.000000
-72.000000,762.000000,70.000000
-99.000000,805.000000,69.000000
-102.000000,805.000000,44.000000
-81.000000,740.000000,5.000000
-63.000000,636.000000,-27.000000
-46.000000,546.000000,-56.000000
-52.000000,479.000000,-60.000000
-81.000000,420.000000,-20.000000
-110.000000,360.000000,49.000000
-109.000000,319.000000,99.000000
-128.000000,282.000000,137.000000
-166.000000,268.000000,154.000000
-191.000000,252.000000,158.000000
-191.000000,238.000000,154.000000
-183.000000,280.000000,177.000000
-165.000000,366.000000,195.000000
-166.000000,427.000000,183.000000
-148.000000,446.000000,174.000000
-106.000000,454.000000,140.000000
-95.000000,449.000000,100.000000
-129.000000,429.000000,74.000000
-156.000000,410.000000,73.000000
-154.000000,409.000000,83.000000
-155.000000,419.000000,97.000000
-150.000000,422.000000,125.000000
-137.000000,407.000000,150.000000
-124.000000,415.000000,155.000000
-112.000000,427.000000,136.000000
-115.000000,395.000000,111.000000
-116.000000,340.000000,69.000000
-103.000000,295.000000,3.000000
-113.000000,256.000000,-54.000000
-142.000000,232.000000,-69.000000
-139.000000,251.000000,-54.000000
-126.000000,271.000000,-21.000000
-107.000000,301.000000,21.000000
-95.000000,311.000000,43.000000
-80.000000,288.000000,22.000000
-72.000000,239.000000,-17.000000
