2111.000000,-899.000000,-1835.000000
2141.000000,-719.000000,-1812.000000
2217.000000,-647.000000,-1931.000000
2318.000000,-780.000000,-2164.000000
2382.000000,-933.000000,-2379.000000
2458.000000,-814.000000,-2385.000000
2563.000000,-405.000000,-2253.000000
2589.000000,104.000000,-2207.000000
2452.000000,426.000000,-2250.000000
2273.000000,588.000000,-2187.000000
2184.000000,821.000000,-1986.000000
2196.000000,1169.000000,-1807.000000
2186.000000,1398.000000,-1663.000000
2049.000000,1380.000000,-1471.000000
1718.000000,1195.000000,-1258.000000
1293.000000,890.000000,-929.000000
783.000000,508.000000,-307.000000
83.000000,14.000000,594.000000
-880.000000,-711.000000,1799.000000
-1969.000000,-1508.000000,3126.000000
-2801.000000,-2077.000000,4428.000000
-3336.000000,-2185.000000,5487.000000
-3913.000000,-2027.000000,6287.000000
-4576.000000,-1686.000000,6963.000000
-5013.000000,-1177.000000,7537.000000
-5167.000000,-519.000000,8108.000000
-5432.000000,195.000000,8709.000000
-5970.000000,636.000000,9479.000000
-6753.000000,851.000000,10214.000000
-7752.000000,980.000000,10794.000000
-8854.000000,950.000000,11366.000000
-10053.000000,720.000000,11997.000000
-11290.000000,310.000000,12690.000000
-12218.000000,-253.000000,13341.000000
-12410.000000,-828.000000,13750.000000
-12282.000000,-1529.000000,14000.000000
-12078.000000,-2153.000000,14007.000000
-11733.000000,-2408.000000,13673.000000
-10987.000000,-2104.000000,12884.000000
-9894.000000,-1324.000000,11784.000000
-8830.000000,-696.000000,10684.000000
-8132.000000,-613.000000,9741.000000
-7641.000000,-601.000000,8857.000000
-7012.000000,-216.000000,7966.000000
-6300.000000,584.000000,7064.000000
-5670.000000,1544.000000,6212.000000
-5202.000000,2220.000000,5547.000000
-4768.000000,2638.000000,5121.000000
-4169.000000,2861.000000,4698.000000
-3623.000000,3027.000000,4192.000000
-2941.000000,3525.000000,3317.000000
-2398.000000,3998.000000,2597.000000
-1824.000000,4316.000000,1922.000000
-1388.000000,4219.000000,1464.000000
-1011.000000,3924.000000,1074.000000
-640.000000,3636.000000,701.000000
-262.000000,3379.000000,295.000000
120.000000,3190.000000,-82.000000
488.000000,3071.000000,-418.000000
796.000000,3016.000000,-733.000000
956.000000,2996.000000,-1022.000000
1014.000000,2944.000000,-1245.000000
1043.000000,2883.000000,-1411.000000
1031.000000,2770.000000,-1516.000000
976.000000,2583.000000,-1530.000000
913.000000,2358.000000,-1471.000000
846.000000,2140.000000,-1391.000000
763.000000,1958.000000,-1270.000000
727.000000,1779.000000,-1128.000000
736.000000,1581.000000,-1035.000000
705.000000,1396.000000,-1087.000000
641.000000,1173.000000,-1264.000000
514.000000,882.000000,-1430.000000
363.000000,543.000000,-1500.000000
278.000000,288.000000,-1525.000000
190.000000,157.000000,-1589.000000
-7.000000,3.000000,-1708.000000
-227.000000,-173.000000,-1884.000000
-376.000000,-279.000000,-2082.000000
-518.000000,-302.000000,-2325.000000
-647.000000,-155.000000,-2619.000000
-872.000000,25.000000,-2931.000000
-1247.000000,169.000000,-3294.000000
-1623.000000,415.000000,-3703.000000
-1939.000000,691.000000,-4107.000000
-2255.000000,843.000000,-4502.000000
-2491.000000,928.000000,-4887.000000
-2663.000000,1029.000000,-5272.000000
-2940.000000,1145.000000,-5653.000000
-3215.000000,1255.000000,-6077.000000
-3430.000000,1295.000000,-6496.000000
-3652.000000,1132.000000,-6929.000000
-3856.000000,813.000000,-7401.000000
-4048.000000,525.000000,-7978.000000
-4332.000000,505.000000,-8422.000000
-4488.000000,801.000000,-8547.000000
-4511.000000,1277.000000,-8420.000000
-4548.000000,1475.000000,-8096.000000
-4604.000000,1450.000000,-7657.000000
-4677.000000,1323.000000,-7206.000000
-4783.000000,1131.000000,-6814.000000
-4979.000000,814.000000,-6494.000000
-5138.000000,599.000000,-6148.000000
-5025.000000,534.000000,-5815.000000
-4618.000000,543.000000,-5525.000000
-4091.000000,759.000000,-5313.000000
-3615.000000,1121.000000,-5117.000000
-3203.000000,1410.000000,-4835.000000
-2866.000000,1528.000000,-4387.000000
-2611.000000,1553.000000,-3897.000000
-2137.000000,1515.000000,-3360.000000
-1940.000000,1776.000000,-2964.000000
-1960.000000,2012.000000,-2743.000000
-1635.000000,2295.000000,-2623.000000
-1104.000000,2673.000000,-2326.000000
-550.000000,2908.000000,-1840.000000
-149.000000,2929.000000,-1302.000000
86.000000,2764.000000,-913.000000
272.000000,2519.000000,-663.000000
486.000000,2303.000000,-470.000000
689.000000,2121.000000,-301.000000
785.000000,1936.000000,-138.000000
800.000000,1789.000000,45.000000
828.000000,1706.000000,211.000000
887.000000,1664.000000,319.000000
954.000000,1653.000000,327.000000
994.000000,1700.000000,269.000000
932.000000,1658.000000,212.000000
781.000000,1525.000000,185.000000
642.000000,1363.000000,184.000000
570.000000,1244.000000,221.000000
509.000000,1179.000000,274.000000
424.000000,1160.000000,330.000000
374.000000,1175.000000,355.000000
363.000000,1228.000000,340.000000
323.000000,1269.000000,263.000000
220.000000,1274.000000,145.000000
141.000000,1247.000000,39.000000
143.000000,1194.000000,-17.000000
190.000000,1203.000000,-32.000000
197.000000,1210.000000,-67.000000
174.000000,1210.000000,-123.000000
162.000000,1231.000000,-184.000000
172.000000,1271.000000,-237.000000
170.000000,1348.000000,-271.000000
175.000000,1454.000000,-253.000000
210.000000,1545.000000,-216.000000
269.000000,1594.000000,-199.000000
378.000000,1672.000000,-211.000000
476.000000,1784.000000,-220.000000
486.000000,1901.000000,-217.000000
469.000000,1979.000000,-171.000000
482.000000,2003.000000,-85.000000
482.000000,1991.000000,44.000000
483.000000,1862.000000,173.000000
469.000000,1761.000000,248.000000
416.000000,1679.000000,276.000000
353.000000,1581.000000,291.000000
257.000000,1552.000000,323.000000
138.000000,1484.000000,360.000000
1.000000,1265.000000,396.000000
-125.000000,977.000000,416.000000
-77.000000,617.000000,432.000000
91.000000,401.000000,475.000000
236.000000,311.000000,487.000000
360.000000,310.000000,468.000000
423.000000,474.000000,408.000000
399.000000,618.000000,379.000000
330.000000,636.000000,439.000000
182.000000,584.000000,488.000000
38.000000,489.000000,467.000000
-19.000000,428.000000,415.000000
29.000000,377.000000,394.000000
86.000000,311.000000,376.000000
68.000000,247.000000,336.000000
-32.000000,204.000000,266.000000
-158.000000,166.000000,166.000000
-228.000000,162.000000,97.000000
-224.000000,184.000000,85.000000
-194.000000,178.000000,130.000000
-196.000000,125.000000,200.000000
-201.000000,95.000000,225.000000
-182.000000,82.000000,233.000000
-166.000000,64.000000,234.000000
-169.000000,61.000000,239.000000
-198.000000,81.000000,265.000000
-219.000000,140.000000,293.000000
-219.000000,210.000000,314.000000
-194.000000,237.000000,337.000000
-174.000000,219.000000,370.000000
-135.000000,158.000000,369.000000
-94.000000,114.000000,358.000000
-63.000000,108.000000,334.000000
-34.000000,129.000000,292.000000
-38.000000,161.000000,254.000000
-57.000000,184.000000,242.000000
-115.000000,190.000000,242.000000
-94.000000,142.000000,234.000000
-54.000000,81.000000,211.000000
-55.000000,57.000000,188.000000
