-449.000000,-94.000000,343.000000
-668.000000,-322.000000,409.000000
-834.000000,-464.000000,523.000000
-902.000000,-433.000000,665.000000
-917.000000,-257.000000,775.000000
-900.000000,-45.000000,867.000000
-881.000000,129.000000,878.000000
-888.000000,294.000000,794.000000
-914.000000,480.000000,683.000000
-936.000000,605.000000,600.000000
-965.000000,602.000000,563.000000
-1057.000000,527.000000,572.000000
-1202.000000,530.000000,535.000000
-1343.000000,654.000000,415.000000
-1452.000000,873.000000,353.000000
-1500.000000,1207.000000,413.000000
-1504.000000,1642.000000,611.000000
-1510.000000,1953.000000,836.000000
-1580.000000,2193.000000,1097.000000
-1777.000000,2315.000000,1237.000000
-2095.000000,2135.000000,1339.000000
-2763.000000,1552.000000,1537.000000
-3676.000000,828.000000,1877.000000
-4763.000000,36.000000,2351.000000
-5774.000000,-597.000000,3000.000000
-6635.000000,-975.000000,3773.000000
-7428.000000,-1235.000000,4593.000000
-8332.000000,-1592.000000,5625.000000
-9596.000000,-2071.000000,6792.000000
-11176.000000,-2346.000000,8010.000000
-12573.000000,-2073.000000,9320.000000
-13215.000000,-1237.000000,10555.000000
-13051.000000,-187.000000,11318.000000
-12620.000000,622.000000,11316.000000
-12556.000000,636.000000,10761.000000
-12869.000000,-186.000000,10145.000000
-13144.000000,-1552.000000,9664.000000
-13155.000000,-3075.000000,9411.000000
-12825.000000,-4067.000000,9177.000000
-12251.000000,-4299.000000,8729.000000
-11575.000000,-4191.000000,8134.000000
-10921.000000,-4128.000000,7533.000000
-10253.000000,-4042.000000,7027.000000
-9296.000000,-3587.000000,6549.000000
-8074.000000,-2359.000000,5953.000000
-6852.000000,-912.000000,5213.000000
-6086.000000,37.000000,4406.000000
-5558.000000,437.000000,3769.000000
-4868.000000,578.000000,3340.000000
-3991.000000,765.000000,2914.000000
-2989.000000,1288.000000,2350.000000
-1987.000000,2007.000000,1617.000000
-1126.000000,2614.000000,826.000000
-457.000000,2947.000000,166.000000
6.000000,2946.000000,-175.000000
278.000000,2628.000000,-269.000000
509.000000,2271.000000,-323.000000
869.000000,2165.000000,-466.000000
1292.000000,2254.000000,-664.000000
1582.000000,2398.000000,-864.000000
1696.000000,2425.000000,-1030.000000
1721.000000,2332.000000,-1132.000000
1686.000000,2120.000000,-1199.000000
1586.000000,1827.000000,-1255.000000
1476.000000,1548.000000,-1279.000000
1422.000000,1373.000000,-1251.000000
1420.000000,1317.000000,-1168.000000
1347.000000,1301.000000,-1099.000000
1185.000000,1305.000000,-1101.000000
1049.000000,1326.000000,-1174.000000
925.000000,1258.000000,-1265.000000
823.000000,1157.000000,-1358.000000
774.000000,1150.000000,-1471.000000
741.000000,1188.000000,-1558.000000
735.000000,1289.000000,-1650.000000
787.000000,1463.000000,-1761.000000
810.000000,1635.000000,-1926.000000
760.000000,1785.000000,-2148.000000
712.000000,1969.000000,-2440.000000
655.000000,2035.000000,-2739.000000
566.000000,2011.000000,-2982.000000
506.000000,2033.000000,-3209.000000
449.000000,2091.000000,-3428.000000
345.000000,2205.000000,-3670.000000
231.000000,2439.000000,-3945.000000
113.000000,2690.000000,-4333.000000
-96.000000,2683.000000,-4781.000000
-366.000000,2552.000000,-5199.000000
-555.000000,2513.000000,-5586.000000
-727.000000,2537.000000,-5915.000000
-987.000000,2660.000000,-6269.000000
-1266.000000,2958.000000,-6682.000000
-1578.000000,3325.000000,-7160.000000
-1932.000000,3592.000000,-7559.000000
-2181.000000,3853.000000,-7860.000000
-2288.000000,4113.000000,-8035.000000
-2437.000000,4150.000000,-8214.000000
-2570.000000,4012.000000,-8472.000000
-2636.000000,3798.000000,-8680.000000
-2632.000000,3471.000000,-8730.000000
-2781.000000,2850.000000,-8664.000000
-3207.000000,1944.000000,-8634.000000
-3555.000000,1167.000000,-8642.000000
-3512.000000,939.000000,-8510.000000
-3329.000000,1122.000000,-8078.000000
-3138.000000,1614.000000,-7429.000000
-2939.000000,1970.000000,-6657.000000
-2747.000000,1902.000000,-5843.000000
-2532.000000,1531.000000,-5082.000000
-2421.000000,952.000000,-4413.000000
-2278.000000,464.000000,-3937.000000
-1925.000000,227.000000,-3549.000000
-1483.000000,254.000000,-3129.000000
-1099.000000,501.000000,-2701.000000
-810.000000,774.000000,-2319.000000
-433.000000,1079.000000,-1986.000000
119.000000,1407.000000,-1710.000000
564.000000,1491.000000,-1475.000000
768.000000,1387.000000,-1282.000000
817.000000,1180.000000,-1154.000000
841.000000,1028.000000,-974.000000
884.000000,1038.000000,-744.000000
889.000000,1176.000000,-543.000000
797.000000,1352.000000,-383.000000
676.000000,1547.000000,-229.000000
654.000000,1716.000000,-47.000000
743.000000,1815.000000,163.000000
794.000000,1838.000000,325.000000
747.000000,1744.000000,356.000000
671.000000,1548.000000,292.000000
634.000000,1302.000000,255.000000
635.000000,1063.000000,339.000000
562.000000,829.000000,464.000000
447.000000,609.000000,514.000000
365.000000,447.000000,502.000000
316.000000,385.000000,510.000000
287.000000,417.000000,543.000000
252.000000,505.000000,546.000000
178.000000,567.000000,481.000000
115.000000,556.000000,369.000000
100.000000,521.000000,249.000000
155.000000,503.000000,179.000000
271.000000,543.000000,152.000000
347.000000,590.000000,145.000000
344.000000,592.000000,127.000000
366.000000,599.000000,36.000000
433.000000,612.000000,-72.000000
438.000000,600.000000,-97.000000
328.000000,528.000000,-71.000000
200.000000,455.000000,-82.000000
168.000000,453.000000,-120.000000
196.000000,458.000000,-128.000000
244.000000,429.000000,-93.000000
293.000000,429.000000,-66.000000
287.000000,372.000000,-72.000000
216.000000,309.000000,-95.000000
148.000000,344.000000,-134.000000
109.000000,395.000000,-148.000000
87.000000,391.000000,-115.000000
78.000000,381.000000,-103.000000
46.000000,373.000000,-116.000000
-19.000000,361.000000,-155.000000
-88.000000,327.000000,-177.000000
-103.000000,305.000000,-164.000000
-68.000000,280.000000,-106.000000
-61.000000,206.000000,-32.000000
-77.000000,166.000000,25.000000
-62.000000,144.000000,32.000000
-28.000000,201.000000,-5.000000
-9.000000,323.000000,-82.000000
-85.000000,333.000000,-153.000000
-209.000000,225.000000,-161.000000
-257.000000,161.000000,-142.000000
-248.000000,159.000000,-86.000000
-267.000000,149.000000,-17.000000
-282.000000,150.000000,23.000000
-251.000000,163.000000,50.000000
-245.000000,143.000000,67.000000
-303.000000,119.000000,27.000000
-376.000000,113.000000,-36.000000
-418.000000,123.000000,-62.000000
-409.000000,141.000000,-12.000000
-334.000000,196.000000,69.000000
-217.000000,279.000000,85.000000
-119.000000,329.000000,27.000000
-25.000000,384.000000,-96.000000
89.000000,443.000000,-169.000000
180.000000,472.000000,-177.000000
265.000000,507.000000,-135.000000
312.000000,512.000000,-66.000000
299.000000,455.000000,-24.000000
238.000000,412.000000,-4.000000
196.000000,404.000000,-3.000000
230.000000,444.000000,1.000000
281.000000,467.000000,7.000000
266.000000,453.000000,-7.000000
185.000000,420.000000,-7.000000
87.000000,382.000000,25.000000
12.000000,346.000000,89.000000
-34.000000,312.000000,164.000000
