-989.000000,147.000000,-271.000000
-565.000000,235.000000,141.000000
-242.000000,272.000000,535.000000
-90.000000,299.000000,867.000000
-126.000000,291.000000,1169.000000
-345.000000,283.000000,1401.000000
-701.000000,255.000000,1575.000000
-1070.000000,202.000000,1776.000000
-1408.000000,263.000000,2027.000000
-1701.000000,525.000000,2261.000000
-1888.000000,775.000000,2556.000000
-2028.000000,934.000000,2910.000000
-2193.000000,999.000000,3309.000000
-2478.000000,1084.000000,3775.000000
-2951.000000,1104.000000,4220.000000
-3546.000000,851.000000,4751.000000
-4128.000000,334.000000,5427.000000
-4738.000000,-290.000000,6191.000000
-5457.000000,-868.000000,7032.000000
-6089.000000,-1279.000000,7933.000000
-6768.000000,-1548.000000,8897.000000
-7430.000000,-1779.000000,9878.000000
-7998.000000,-2160.000000,10898.000000
-8679.000000,-2840.000000,12019.000000
-9615.000000,-3734.000000,13185.000000
-10440.000000,-4362.000000,14161.000000
-10518.000000,-4174.000000,14653.000000
-9823.000000,-3219.000000,14713.000000
-8899.000000,-2142.000000,14549.000000
-8370.000000,-1513.000000,14317.000000
-8163.000000,-1432.000000,13965.000000
-8054.000000,-1284.000000,13318.000000
-7760.000000,-1185.000000,12335.000000
-7291.000000,-980.000000,11184.000000
-6691.000000,-1150.000000,10079.000000
-6000.000000,-1684.000000,8955.000000
-4997.000000,-2050.000000,7750.000000
-3877.000000,-1833.000000,6425.000000
-2733.000000,-1012.000000,5023.000000
-1736.000000,350.000000,3688.000000
-1084.000000,1597.000000,2649.000000
-687.000000,2461.000000,1964.000000
-257.000000,3065.000000,1495.000000
212.000000,3655.000000,1019.000000
577.000000,4343.000000,309.000000
895.000000,5089.000000,-585.000000
1152.000000,5820.000000,-1507.000000
1461.000000,6144.000000,-2213.000000
1709.000000,6260.000000,-2686.000000
1920.000000,6232.000000,-2923.000000
1989.000000,6087.000000,-2995.000000
1965.000000,5735.000000,-2907.000000
1922.000000,5185.000000,-2675.000000
1783.000000,4682.000000,-2373.000000
1521.000000,4373.000000,-2217.000000
1305.000000,4314.000000,-2159.000000
1133.000000,4473.000000,-2143.000000
1071.000000,4500.000000,-2085.000000
1006.000000,4306.000000,-1975.000000
914.000000,3838.000000,-1810.000000
701.000000,3173.000000,-1636.000000
425.000000,2597.000000,-1519.000000
294.000000,2305.000000,-1384.000000
214.000000,2290.000000,-1171.000000
39.000000,2387.000000,-910.000000
-168.000000,2481.000000,-749.000000
-297.000000,2500.000000,-748.000000
-358.000000,2379.000000,-877.000000
-458.000000,2203.000000,-1081.000000
-604.000000,2064.000000,-1340.000000
-759.000000,1944.000000,-1457.000000
-899.000000,1822.000000,-1470.000000
-987.000000,1851.000000,-1517.000000
-1066.000000,2090.000000,-1752.000000
-1236.000000,2351.000000,-2210.000000
-1432.000000,2382.000000,-2776.000000
-1868.000000,2303.000000,-3304.000000
-2330.000000,2123.000000,-3774.000000
-2488.000000,1910.000000,-4150.000000
-2547.000000,1911.000000,-4526.000000
-2819.000000,2035.000000,-4991.000000
-3326.000000,2201.000000,-5549.000000
-3868.000000,2401.000000,-6152.000000
-4324.000000,2489.000000,-6741.000000
-4694.000000,2240.000000,-7241.000000
-5103.000000,2034.000000,-7577.000000
-5564.000000,2132.000000,-7847.000000
-5948.000000,2324.000000,-8136.000000
-6163.000000,2466.000000,-8442.000000
-6292.000000,2545.000000,-8848.000000
-6328.000000,2464.000000,-9397.000000
-6113.000000,2128.000000,-9819.000000
-6013.000000,1759.000000,-10071.000000
-5903.000000,1275.000000,-10129.000000
-5853.000000,932.000000,-9959.000000
-5966.000000,603.000000,-9675.000000
-5931.000000,-106.000000,-9334.000000
-5799.000000,-791.000000,-8872.000000
-5571.000000,-1195.000000,-8252.000000
-5388.000000,-815.000000,-7328.000000
-4884.000000,278.000000,-6102.000000
-4029.000000,1477.000000,-4847.000000
-3119.000000,2332.000000,-3706.000000
-2482.000000,2751.000000,-2828.000000
-1606.000000,2711.000000,-2205.000000
-1010.000000,3001.000000,-1780.000000
-724.000000,3456.000000,-1349.000000
74.000000,3891.000000,-1119.000000
754.000000,4377.000000,-847.000000
1017.000000,4475.000000,-396.000000
1073.000000,4247.000000,62.000000
1002.000000,3938.000000,326.000000
857.000000,3609.000000,423.000000
707.000000,3263.000000,498.000000
649.000000,3014.000000,567.000000
757.000000,2921.000000,677.000000
880.000000,2891.000000,831.000000
936.000000,2879.000000,926.000000
924.000000,2877.000000,964.000000
757.000000,2773.000000,958.000000
491.000000,2441.000000,922.000000
314.000000,1920.000000,900.000000
307.000000,1362.000000,916.000000
266.000000,848.000000,888.000000
153.000000,352.000000,749.000000
95.000000,94.000000,566.000000
114.000000,119.000000,388.000000
135.000000,362.000000,273.000000
79.000000,673.000000,219.000000
20.000000,992.000000,162.000000
-25.000000,1323.000000,136.000000
-56.000000,1504.000000,170.000000
-80.000000,1512.000000,225.000000
-149.000000,1421.000000,315.000000
-211.000000,1327.000000,371.000000
-194.000000,1322.000000,366.000000
-129.000000,1363.000000,306.000000
-90.000000,1363.000000,195.000000
-77.000000,1324.000000,116.000000
-42.000000,1227.000000,103.000000
26.000000,1154.000000,168.000000
86.000000,1093.000000,306.000000
110.000000,1018.000000,495.000000
30.000000,905.000000,670.000000
-82.000000,777.000000,821.000000
-186.000000,704.000000,962.000000
-307.000000,673.000000,988.000000
-328.000000,614.000000,940.000000
-282.000000,677.000000,932.000000
-265.000000,798.000000,859.000000
-270.000000,779.000000,737.000000
-239.000000,654.000000,665.000000
-52.000000,503.000000,653.000000
6.000000,321.000000,581.000000
1.000000,228.000000,454.000000
16.000000,242.000000,350.000000
0.000000,286.000000,313.000000
-47.000000,265.000000,289.000000
-49.000000,264.000000,240.000000
43.000000,312.000000,220.000000
114.000000,338.000000,205.000000
83.000000,331.000000,154.000000
35.000000,291.000000,102.000000
24.000000,223.000000,50.000000
37.000000,171.000000,16.000000
44.000000,151.000000,-10.000000
25.000000,127.000000,-33.000000
-33.000000,98.000000,-15.000000
-110.000000,70.000000,56.000000
-131.000000,100.000000,169.000000
-104.000000,156.000000,259.000000
-94.000000,156.000000,303.000000
-125.000000,112.000000,287.000000
-150.000000,46.000000,265.000000
-153.000000,-11.000000,243.000000
-164.000000,-54.000000,220.000000
-190.000000,-63.000000,200.000000
-206.000000,-46.000000,217.000000
-211.000000,-30.000000,236.000000
-195.000000,-22.000000,252.000000
-170.000000,-26.000000,268.000000
-153.000000,-34.000000,259.000000
-152.000000,29.000000,218.000000
-166.000000,160.000000,155.000000
-174.000000,311.000000,91.000000
-143.000000,393.000000,76.000000
-70.000000,381.000000,65.000000
-33.000000,321.000000,68.000000
-15.000000,272.000000,78.000000
-17.000000,216.000000,110.000000
-19.000000,172.000000,157.000000
-15.000000,172.000000,215.000000
-42.000000,203.000000,241.000000
-76.000000,256.000000,237.000000
-86.000000,291.000000,203.000000
-77.000000,292.000000,187.000000
-29.000000,303.000000,193.000000
41.000000,352.000000,220.000000
83.000000,377.000000,246.000000
94.000000,408.000000,237.000000
