-103.000000,1532.000000,137.000000
-208.000000,1847.000000,206.000000
-369.000000,2198.000000,261.000000
-527.000000,2492.000000,289.000000
-639.000000,2618.000000,336.000000
-660.000000,2530.000000,367.000000
-562.000000,2267.000000,373.000000
-398.000000,1884.000000,324.000000
-360.000000,1238.000000,215.000000
-341.000000,631.000000,137.000000
-343.000000,187.000000,-6.000000
-338.000000,-203.000000,-411.000000
-355.000000,-211.000000,-1124.000000
-103.000000,81.000000,-1924.000000
428.000000,303.000000,-2614.000000
978.000000,381.000000,-3225.000000
1539.000000,374.000000,-3795.000000
2043.000000,315.000000,-4371.000000
2552.000000,257.000000,-4978.000000
3165.000000,82.000000,-5630.000000
3810.000000,-310.000000,-6296.000000
4395.000000,-777.000000,-6938.000000
4934.000000,-1135.000000,-7535.000000
5413.000000,-1512.000000,-8068.000000
5837.000000,-1925.000000,-8566.000000
6266.000000,-2222.000000,-9079.000000
6720.000000,-2368.000000,-9590.000000
7097.000000,-2403.000000,-10047.000000
7392.000000,-2337.000000,-10434.000000
7588.000000,-2282.000000,-10751.000000
7717.000000,-2265.000000,-10996.000000
7724.000000,-2341.000000,-11175.000000
7741.000000,-2304.000000,-11430.000000
7905.000000,-2159.000000,-11938.000000
8189.000000,-1957.000000,-12651.000000
8490.000000,-1672.000000,-13321.000000
8678.000000,-1540.000000,-13697.000000
8709.000000,-1564.000000,-13684.000000
8653.000000,-1495.000000,-13383.000000
8464.000000,-1171.000000,-13015.000000
8145.000000,-584.000000,-12591.000000
7782.000000,95.000000,-12077.000000
7490.000000,717.000000,-11493.000000
7219.000000,1086.000000,-11002.000000
6765.000000,1086.000000,-10303.000000
6265.000000,859.000000,-9477.000000
5815.000000,587.000000,-8687.000000
5410.000000,395.000000,-7984.000000
4982.000000,225.000000,-7329.000000
4485.000000,46.000000,-6673.000000
3926.000000,-161.000000,-6005.000000
3333.000000,-399.000000,-5287.000000
2772.000000,-558.000000,-4522.000000
2197.000000,-680.000000,-3706.000000
1632.000000,-733.000000,-2884.000000
1182.000000,-663.000000,-2172.000000
928.000000,-403.000000,-1586.000000
783.000000,-173.000000,-1050.000000
663.000000,-173.000000,-469.000000
514.000000,-431.000000,212.000000
318.000000,-785.000000,967.000000
68.000000,-1131.000000,1758.000000
-220.000000,-1437.000000,2516.000000
-518.000000,-1589.000000,3250.000000
-770.000000,-1602.000000,3933.000000
-1000.000000,-1482.000000,4557.000000
-1278.000000,-1291.000000,5106.000000
-1627.000000,-1085.000000,5493.000000
-1880.000000,-870.000000,5818.000000
-2032.000000,-758.000000,6224.000000
-2189.000000,-886.000000,6752.000000
-2378.000000,-1111.000000,7362.000000
-2610.000000,-1253.000000,7940.000000
-2899.000000,-1230.000000,8432.000000
-3137.000000,-1019.000000,8852.000000
-3259.000000,-634.000000,9270.000000
-3419.000000,-157.000000,9662.000000
-3719.000000,342.000000,10049.000000
-3951.000000,703.000000,10562.000000
-3993.000000,686.000000,11113.000000
-4024.000000,389.000000,11743.000000
-4015.000000,-74.000000,12295.000000
-4122.000000,-324.000000,12698.000000
-4429.000000,-241.000000,12859.000000
-4520.000000,146.000000,12857.000000
-4482.000000,630.000000,12806.000000
-4537.000000,967.000000,12719.000000
-4608.000000,1100.000000,12623.000000
-4615.000000,972.000000,12577.000000
-4696.000000,738.000000,12589.000000
-4808.000000,684.000000,12558.000000
-5057.000000,1045.000000,12327.000000
-5259.000000,1637.000000,11813.000000
-5197.000000,2308.000000,11026.000000
-4827.000000,2932.000000,10213.000000
-4266.000000,3128.000000,9627.000000
-3900.000000,2586.000000,9320.000000
-3758.000000,1616.000000,9450.000000
-3934.000000,755.000000,9467.000000
-4069.000000,274.000000,8975.000000
-3972.000000,368.000000,8241.000000
-3703.000000,874.000000,7407.000000
-3280.000000,1467.000000,6623.000000
-2628.000000,1598.000000,6000.000000
-2049.000000,1138.000000,5580.000000
-1778.000000,434.000000,5321.000000
-1554.000000,-166.000000,4969.000000
-1280.000000,-328.000000,4392.000000
-921.000000,9.000000,3630.000000
-576.000000,561.000000,2784.000000
-318.000000,1017.000000,1951.000000
-58.000000,1206.000000,1221.000000
196.000000,1181.000000,627.000000
374.000000,1084.000000,190.000000
579.000000,1015.000000,-143.000000
450.000000,1044.000000,-483.000000
490.000000,1158.000000,-769.000000
639.000000,1337.000000,-1006.000000
621.000000,1444.000000,-1210.000000
524.000000,1425.000000,-1414.000000
453.000000,1358.000000,-1554.000000
465.000000,1263.000000,-1618.000000
471.000000,1167.000000,-1639.000000
456.000000,1111.000000,-1668.000000
439.000000,1080.000000,-1709.000000
390.000000,1122.000000,-1738.000000
312.000000,1192.000000,-1719.000000
217.000000,1271.000000,-1671.000000
123.000000,1397.000000,-1607.000000
63.000000,1557.000000,-1547.000000
26.000000,1686.000000,-1483.000000
-31.000000,1768.000000,-1424.000000
-83.000000,1793.000000,-1373.000000
-135.000000,1771.000000,-1331.000000
-218.000000,1763.000000,-1268.000000
-300.000000,1776.000000,-1213.000000
-346.000000,1801.000000,-1175.000000
-374.000000,1842.000000,-1103.000000
-440.000000,1873.000000,-1012.000000
-487.000000,1908.000000,-973.000000
-503.000000,1899.000000,-974.000000
-530.000000,1833.000000,-958.000000
-541.000000,1755.000000,-926.000000
-521.000000,1628.000000,-882.000000
-520.000000,1488.000000,-787.000000
-539.000000,1387.000000,-631.000000
-550.000000,1336.000000,-482.000000
-566.000000,1299.000000,-319.000000
-590.000000,1278.000000,-170.000000
-556.000000,1267.000000,-97.000000
-510.000000,1252.000000,-92.000000
-494.000000,1202.000000,-125.000000
-470.000000,1132.000000,-142.000000
-430.000000,1022.000000,-108.000000
-389.000000,914.000000,-50.000000
-372.000000,843.000000,16.000000
-331.000000,833.000000,81.000000
-234.000000,824.000000,119.000000
-147.000000,814.000000,136.000000
-95.000000,810.000000,158.000000
-66.000000,799.000000,165.000000
-26.000000,792.000000,117.000000
13.000000,722.000000,49.000000
53.000000,613.000000,4.000000
88.000000,499.000000,1.000000
105.000000,370.000000,8.000000
102.000000,254.000000,13.000000
105.000000,206.000000,17.000000
119.000000,190.000000,18.000000
109.000000,198.000000,0.000000
100.000000,269.000000,-9.000000
121.000000,386.000000,9.000000
115.000000,451.000000,53.000000
23.000000,435.000000,81.000000
-96.000000,379.000000,100.000000
-155.000000,320.000000,109.000000
-147.000000,283.000000,122.000000
-137.000000,244.000000,141.000000
-145.000000,198.000000,159.000000
-175.000000,98.000000,178.000000
-200.000000,24.000000,190.000000
-196.000000,1.000000,213.000000
-209.000000,5.000000,222.000000
-252.000000,-6.000000,222.000000
-270.000000,-13.000000,220.000000
-249.000000,-6.000000,199.000000
-241.000000,-35.000000,165.000000
-236.000000,-81.000000,155.000000
-212.000000,-80.000000,151.000000
-161.000000,-44.000000,141.000000
-128.000000,4.000000,129.000000
-109.000000,12.000000,121.000000
-101.000000,24.000000,103.000000
-84.000000,71.000000,77.000000
-53.000000,100.000000,71.000000
-8.000000,126.000000,86.000000
12.000000,142.000000,104.000000
7.000000,140.000000,120.000000
1.000000,121.000000,139.000000
10.000000,83.000000,163.000000
