-1157.000000,-137.000000,42.000000
-1206.000000,-128.000000,68.000000
-1190.000000,-146.000000,121.000000
-1099.000000,-197.000000,177.000000
-971.000000,-268.000000,225.000000
-889.000000,-311.000000,256.000000
-958.000000,-362.000000,283.000000
-1106.000000,-310.000000,270.000000
-1134.000000,-49.000000,176.000000
-1046.000000,293.000000,-1.000000
-979.000000,497.000000,-192.000000
-1040.000000,404.000000,-292.000000
-1261.000000,0.000000,-242.000000
-1567.000000,-440.000000,-55.000000
-1879.000000,-767.000000,123.000000
-2103.000000,-839.000000,101.000000
-2328.000000,-593.000000,-223.000000
-2543.000000,-123.000000,-816.000000
-2573.000000,576.000000,-1465.000000
-2237.000000,1386.000000,-1928.000000
-1328.000000,2305.000000,-2135.000000
228.000000,3029.000000,-2131.000000
2043.000000,3175.000000,-1921.000000
3774.000000,2683.000000,-1479.000000
5338.000000,1821.000000,-947.000000
6796.000000,999.000000,-517.000000
8227.000000,373.000000,-310.000000
9549.000000,67.000000,-397.000000
10697.000000,135.000000,-774.000000
11627.000000,426.000000,-1311.000000
12316.000000,771.000000,-1810.000000
12735.000000,1075.000000,-2057.000000
12942.000000,1460.000000,-1979.000000
13062.000000,1965.000000,-1734.000000
13264.000000,2461.000000,-1544.000000
13580.000000,2800.000000,-1438.000000
13951.000000,2835.000000,-1495.000000
14275.000000,2583.000000,-1724.000000
14462.000000,2213.000000,-2029.000000
14323.000000,1851.000000,-2402.000000
13664.000000,1501.000000,-2767.000000
12503.000000,1267.000000,-2962.000000
11042.000000,1106.000000,-2897.000000
9489.000000,913.000000,-2546.000000
8147.000000,782.000000,-2087.000000
7320.000000,727.000000,-1477.000000
6796.000000,850.000000,-858.000000
6302.000000,988.000000,-324.000000
5705.000000,978.000000,75.000000
4968.000000,805.000000,317.000000
4121.000000,530.000000,429.000000
3309.000000,374.000000,468.000000
2653.000000,377.000000,498.000000
2123.000000,420.000000,525.000000
1579.000000,424.000000,564.000000
926.000000,411.000000,597.000000
224.000000,415.000000,643.000000
-404.000000,409.000000,689.000000
-884.000000,354.000000,727.000000
-1283.000000,265.000000,678.000000
-1750.000000,193.000000,640.000000
-2269.000000,150.000000,572.000000
-2721.000000,107.000000,492.000000
-3090.000000,22.000000,411.000000
-3452.000000,-147.000000,403.000000
-3815.000000,-352.000000,466.000000
-4133.000000,-521.000000,499.000000
-4432.000000,-633.000000,411.000000
-4927.000000,-776.000000,242.000000
-5613.000000,-993.000000,155.000000
-6316.000000,-1313.000000,246.000000
-6985.000000,-1581.000000,491.000000
-7507.000000,-1719.000000,846.000000
-7975.000000,-1648.000000,1176.000000
-8408.000000,-1436.000000,1420.000000
-8908.000000,-1275.000000,1539.000000
-9577.000000,-1257.000000,1661.000000
-10386.000000,-1411.000000,1931.000000
-11223.000000,-1622.000000,2358.000000
-11769.000000,-1759.000000,2724.000000
-12218.000000,-1876.000000,2795.000000
-13381.000000,-1989.000000,2724.000000
-15716.000000,-1756.000000,2907.000000
-17170.000000,-1225.000000,3200.000000
-17010.000000,-320.000000,3118.000000
-15206.000000,789.000000,2629.000000
-12710.000000,1628.000000,2085.000000
-10636.000000,1712.000000,1645.000000
-9702.000000,924.000000,1231.000000
-9772.000000,-252.000000,878.000000
-9824.000000,-1004.000000,682.000000
-9026.000000,-657.000000,676.000000
-7095.000000,796.000000,703.000000
-4999.000000,2456.000000,660.000000
-3187.000000,3722.000000,492.000000
-2200.000000,4108.000000,307.000000
-2048.000000,3695.000000,270.000000
-2122.000000,3035.000000,394.000000
-1887.000000,2473.000000,439.000000
-1146.000000,2062.000000,306.000000
-3.000000,1678.000000,154.000000
1197.000000,1294.000000,91.000000
2229.000000,985.000000,192.000000
3099.000000,828.000000,371.000000
3815.000000,843.000000,412.000000
4446.000000,952.000000,271.000000
4937.000000,1036.000000,7.000000
5115.000000,1042.000000,-230.000000
4904.000000,928.000000,-298.000000
4348.000000,732.000000,-254.000000
3543.000000,496.000000,-168.000000
2661.000000,245.000000,-132.000000
1825.000000,63.000000,-204.000000
1130.000000,-1.000000,-358.000000
521.000000,10.000000,-488.000000
20.000000,60.000000,-498.000000
-302.000000,103.000000,-448.000000
-470.000000,64.000000,-380.000000
-595.000000,-110.000000,-315.000000
-695.000000,-332.000000,-224.000000
-708.000000,-453.000000,-121.000000
-575.000000,-385.000000,-41.000000
-350.000000,-155.000000,29.000000
-140.000000,106.000000,114.000000
-22.000000,286.000000,212.000000
-12.000000,303.000000,312.000000
-29.000000,188.000000,411.000000
11.000000,80.000000,462.000000
10.000000,-22.000000,468.000000
23.000000,-112.000000,474.000000
59.000000,-140.000000,481.000000
86.000000,-153.000000,496.000000
91.000000,-143.000000,508.000000
105.000000,-115.000000,519.000000
108.000000,-9.000000,532.000000
58.000000,105.000000,546.000000
-39.000000,152.000000,554.000000
-150.000000,132.000000,551.000000
-194.000000,41.000000,521.000000
-171.000000,-77.000000,478.000000
-84.000000,-190.000000,406.000000
22.000000,-260.000000,326.000000
126.000000,-314.000000,229.000000
170.000000,-328.000000,118.000000
152.000000,-266.000000,39.000000
110.000000,-84.000000,-3.000000
57.000000,183.000000,-3.000000
1.000000,419.000000,21.000000
-64.000000,525.000000,49.000000
-129.000000,489.000000,61.000000
-178.000000,398.000000,36.000000
-198.000000,301.000000,-19.000000
-212.000000,260.000000,-108.000000
-193.000000,281.000000,-182.000000
-176.000000,348.000000,-216.000000
-188.000000,396.000000,-172.000000
-233.000000,381.000000,-75.000000
-297.000000,345.000000,33.000000
-367.000000,269.000000,107.000000
-416.000000,167.000000,138.000000
-402.000000,84.000000,147.000000
-349.000000,42.000000,141.000000
-302.000000,43.000000,140.000000
-264.000000,64.000000,166.000000
-223.000000,80.000000,199.000000
-175.000000,62.000000,214.000000
-150.000000,27.000000,208.000000
-112.000000,2.000000,217.000000
-60.000000,2.000000,224.000000
-27.000000,-29.000000,224.000000
-22.000000,-60.000000,212.000000
-41.000000,-51.000000,199.000000
-69.000000,-23.000000,193.000000
-81.000000,7.000000,176.000000
-82.000000,15.000000,163.000000
-78.000000,-3.000000,167.000000
-85.000000,-57.000000,174.000000
-92.000000,-100.000000,171.000000
-97.000000,-103.000000,168.000000
-88.000000,-64.000000,156.000000
-73.000000,6.000000,168.000000
-19.000000,59.000000,197.000000
56.000000,75.000000,225.000000
75.000000,74.000000,262.000000
48.000000,75.000000,297.000000
50.000000,78.000000,296.000000
82.000000,94.000000,275.000000
106.000000,109.000000,289.000000
87.000000,96.000000,333.000000
39.000000,55.000000,356.000000
-15.000000,-9.000000,323.000000
-61.000000,-25.000000,265.000000
-97.000000,32.000000,209.000000
-106.000000,98.000000,137.000000
-119.000000,95.000000,87.000000
-124.000000,38.000000,66.000000
-148.000000,-24.000000,96.000000
-200.000000,-85.000000,147.000000
-210.000000,-87.000000,182.000000
-190.000000,-5.000000,226.000000
