-117.000000,-202.000000,-99.000000
92.000000,10.000000,-89.000000
250.000000,182.000000,-69.000000
281.000000,326.000000,-79.000000
309.000000,372.000000,-90.000000
316.000000,304.000000,-75.000000
233.000000,124.000000,22.000000
141.000000,-136.000000,228.000000
18.000000,-408.000000,467.000000
152.000000,-397.000000,612.000000
322.000000,-303.000000,745.000000
-65.000000,-925.000000,1044.000000
-664.000000,-1390.000000,1343.000000
-1238.000000,-1764.000000,1617.000000
-1693.000000,-2177.000000,1926.000000
-2140.000000,-2359.000000,2369.000000
-2635.000000,-2480.000000,2979.000000
-3200.000000,-2728.000000,3806.000000
-3801.000000,-3081.000000,4874.000000
-4350.000000,-3413.000000,6167.000000
-4890.000000,-3671.000000,7293.000000
-5517.000000,-3827.000000,8113.000000
-6312.000000,-3910.000000,8674.000000
-7199.000000,-3894.000000,9115.000000
-7944.000000,-3715.000000,9577.000000
-8506.000000,-3526.000000,10083.000000
-8913.000000,-3471.000000,10677.000000
-9381.000000,-3573.000000,11409.000000
-10094.000000,-3719.000000,12104.000000
-10738.000000,-3778.000000,12489.000000
-10890.000000,-3711.000000,12551.000000
-10569.000000,-3755.000000,12391.000000
-10038.000000,-4110.000000,11965.000000
-9350.000000,-4513.000000,11262.000000
-8566.000000,-4500.000000,10052.000000
-7913.000000,-4010.000000,8583.000000
-7018.000000,-3231.000000,6866.000000
-5675.000000,-2476.000000,5042.000000
-4189.000000,-1896.000000,3346.000000
-2905.000000,-1392.000000,1900.000000
-1836.000000,-845.000000,566.000000
-822.000000,-254.000000,-780.000000
226.000000,240.000000,-2100.000000
1160.000000,465.000000,-3314.000000
2045.000000,476.000000,-4498.000000
2933.000000,391.000000,-5577.000000
3646.000000,204.000000,-6452.000000
4286.000000,68.000000,-7102.000000
5001.000000,56.000000,-7663.000000
5637.000000,52.000000,-8173.000000
6142.000000,-79.000000,-8621.000000
6404.000000,-401.000000,-9051.000000
6556.000000,-779.000000,-9527.000000
6792.000000,-1076.000000,-9999.000000
7038.000000,-1258.000000,-10426.000000
7218.000000,-1371.000000,-10785.000000
7362.000000,-1445.000000,-11030.000000
7494.000000,-1444.000000,-11181.000000
7580.000000,-1314.000000,-11264.000000
7437.000000,-1169.000000,-11296.000000
7165.000000,-948.000000,-11299.000000
6965.000000,-781.000000,-11272.000000
6700.000000,-711.000000,-11099.000000
6290.000000,-778.000000,-10850.000000
5888.000000,-885.000000,-10575.000000
5623.000000,-1048.000000,-10273.000000
5184.000000,-1346.000000,-9898.000000
4791.000000,-1539.000000,-9481.000000
4436.000000,-1601.000000,-9014.000000
3890.000000,-1638.000000,-8393.000000
3261.000000,-1583.000000,-7619.000000
2701.000000,-1460.000000,-6806.000000
2287.000000,-1341.000000,-5955.000000
1872.000000,-1285.000000,-5032.000000
1373.000000,-1182.000000,-4077.000000
827.000000,-981.000000,-3210.000000
322.000000,-692.000000,-2461.000000
-229.000000,-416.000000,-1773.000000
-836.000000,-306.000000,-1116.000000
-1212.000000,-482.000000,-278.000000
-1394.000000,-860.000000,676.000000
-1666.000000,-1290.000000,1563.000000
-2076.000000,-1619.000000,2330.000000
-2563.000000,-1786.000000,2928.000000
-3032.000000,-1788.000000,3428.000000
-3443.000000,-1686.000000,3917.000000
-3840.000000,-1581.000000,4407.000000
-4337.000000,-1597.000000,4924.000000
-4884.000000,-1703.000000,5537.000000
-5399.000000,-1858.000000,6235.000000
-5902.000000,-2021.000000,6950.000000
-6393.000000,-2104.000000,7638.000000
-6862.000000,-2157.000000,8304.000000
-7341.000000,-2259.000000,9006.000000
-7757.000000,-2595.000000,9540.000000
-7972.000000,-2944.000000,9959.000000
-8281.000000,-3032.000000,10198.000000
-8923.000000,-2740.000000,10209.000000
-9803.000000,-2338.000000,10083.000000
-10707.000000,-1953.000000,9933.000000
-11188.000000,-1677.000000,9775.000000
-11036.000000,-1607.000000,9634.000000
-10739.000000,-1775.000000,9599.000000
-10764.000000,-1870.000000,9704.000000
-11016.000000,-1570.000000,9730.000000
-11291.000000,-992.000000,9471.000000
-11407.000000,-210.000000,8916.000000
-10870.000000,534.000000,8121.000000
-9873.000000,856.000000,7332.000000
-9001.000000,694.000000,6831.000000
-8271.000000,383.000000,6401.000000
-7619.000000,413.000000,5876.000000
-7006.000000,961.000000,5229.000000
-6183.000000,1806.000000,4424.000000
-5160.000000,2521.000000,3520.000000
-4257.000000,2803.000000,2704.000000
-3509.000000,2733.000000,1986.000000
-2719.000000,2493.000000,1122.000000
-1818.000000,2245.000000,235.000000
-956.000000,1933.000000,-607.000000
-293.000000,1598.000000,-1461.000000
337.000000,1372.000000,-2264.000000
855.000000,1324.000000,-3018.000000
1311.000000,1402.000000,-3722.000000
1761.000000,1477.000000,-4335.000000
2172.000000,1513.000000,-4948.000000
2623.000000,1553.000000,-5646.000000
3141.000000,1712.000000,-6522.000000
3555.000000,1911.000000,-7531.000000
3809.000000,2106.000000,-8501.000000
4132.000000,2316.000000,-9387.000000
4524.000000,2469.000000,-10113.000000
4932.000000,2743.000000,-10629.000000
5345.000000,3210.000000,-11004.000000
5729.000000,3830.000000,-11386.000000
6053.000000,4529.000000,-11839.000000
6407.000000,5156.000000,-12225.000000
6693.000000,5646.000000,-12539.000000
6918.000000,5889.000000,-12742.000000
6961.000000,5765.000000,-12752.000000
6863.000000,5371.000000,-12416.000000
6793.000000,4853.000000,-11905.000000
6786.000000,4320.000000,-11421.000000
6842.000000,3963.000000,-11156.000000
6859.000000,3649.000000,-11002.000000
6745.000000,3273.000000,-10887.000000
6576.000000,2872.000000,-10793.000000
6445.000000,2623.000000,-10711.000000
6301.000000,2536.000000,-10576.000000
6128.000000,2589.000000,-10307.000000
5798.000000,2589.000000,-9853.000000
5304.000000,2510.000000,-9234.000000
4747.000000,2421.000000,-8430.000000
4265.000000,2296.000000,-7559.000000
3867.000000,2127.000000,-6657.000000
3480.000000,1884.000000,-5784.000000
3103.000000,1577.000000,-5025.000000
2721.000000,1281.000000,-4306.000000
2439.000000,1085.000000,-3651.000000
2261.000000,923.000000,-2970.000000
2019.000000,741.000000,-2232.000000
1602.000000,573.000000,-1605.000000
1095.000000,401.000000,-1125.000000
586.000000,164.000000,-619.000000
230.000000,-15.000000,-124.000000
29.000000,-71.000000,217.000000
-127.000000,-48.000000,436.000000
-268.000000,-30.000000,602.000000
-399.000000,-82.000000,832.000000
-548.000000,-95.000000,1049.000000
-662.000000,-52.000000,1202.000000
-733.000000,55.000000,1252.000000
-801.000000,182.000000,1161.000000
-877.000000,280.000000,976.000000
-902.000000,335.000000,789.000000
-829.000000,352.000000,629.000000
-751.000000,368.000000,504.000000
-738.000000,423.000000,382.000000
-761.000000,487.000000,270.000000
-776.000000,568.000000,183.000000
-771.000000,663.000000,97.000000
-777.000000,737.000000,25.000000
-798.000000,747.000000,-33.000000
-833.000000,666.000000,-86.000000
-827.000000,566.000000,-107.000000
-727.000000,558.000000,-137.000000
-657.000000,600.000000,-150.000000
-664.000000,616.000000,-135.000000
-687.000000,590.000000,-91.000000
-688.000000,515.000000,-7.000000
-649.000000,451.000000,77.000000
-604.000000,470.000000,129.000000
-582.000000,513.000000,161.000000
-549.000000,557.000000,165.000000
-500.000000,573.000000,165.000000
-419.000000,526.000000,164.000000
-286.000000,421.000000,192.000000
-155.000000,300.000000,270.000000
-83.000000,261.000000,344.000000
-74.000000,276.000000,383.000000
