2223.000000,-421.000000,-654.000000
2348.000000,-316.000000,-616.000000
2150.000000,-431.000000,-561.000000
1791.000000,-685.000000,-474.000000
1627.000000,-809.000000,-377.000000
1713.000000,-648.000000,-290.000000
2191.000000,-144.000000,-285.000000
2391.000000,62.000000,-211.000000
2119.000000,-139.000000,-84.000000
1459.000000,-290.000000,-67.000000
570.000000,-942.000000,-81.000000
-208.000000,-1707.000000,-18.000000
-863.000000,-2290.000000,28.000000
-1493.000000,-2937.000000,132.000000
-2321.000000,-3671.000000,325.000000
-3377.000000,-4484.000000,536.000000
-4493.000000,-5183.000000,829.000000
-5965.000000,-5559.000000,1253.000000
-7877.000000,-5697.000000,1887.000000
-9819.000000,-5766.000000,2757.000000
-11676.000000,-5809.000000,3767.000000
-13462.000000,-5852.000000,4809.000000
-14738.000000,-6089.000000,5685.000000
-15486.000000,-6584.000000,6608.000000
-16203.000000,-7151.000000,7555.000000
-16574.000000,-7222.000000,7898.000000
-16262.000000,-6645.000000,7755.000000
-14963.000000,-5428.000000,7170.000000
-13602.000000,-4385.000000,6652.000000
-12579.000000,-3757.000000,6235.000000
-11918.000000,-3480.000000,5776.000000
-11463.000000,-3485.000000,5304.000000
-10904.000000,-3494.000000,4799.000000
-9972.000000,-3074.000000,4253.000000
-8691.000000,-2139.000000,3617.000000
-7145.000000,-957.000000,2641.000000
-5212.000000,120.000000,1402.000000
-3225.000000,843.000000,143.000000
-1487.000000,1105.000000,-671.000000
-291.000000,1083.000000,-1147.000000
583.000000,1114.000000,-1562.000000
1440.000000,1484.000000,-2034.000000
2487.000000,2021.000000,-2618.000000
3631.000000,2432.000000,-3216.000000
4797.000000,2627.000000,-3800.000000
6019.000000,2664.000000,-4418.000000
7153.000000,2568.000000,-4974.000000
8083.000000,2391.000000,-5415.000000
8908.000000,2268.000000,-5890.000000
9679.000000,2213.000000,-6358.000000
10385.000000,2209.000000,-6736.000000
10963.000000,2197.000000,-7122.000000
11207.000000,2120.000000,-7481.000000
11197.000000,2044.000000,-7773.000000
11161.000000,2066.000000,-7951.000000
11108.000000,2067.000000,-7949.000000
10917.000000,2015.000000,-7794.000000
10537.000000,1915.000000,-7528.000000
9965.000000,1781.000000,-7173.000000
9194.000000,1587.000000,-6828.000000
8339.000000,1412.000000,-6492.000000
7509.000000,1205.000000,-6154.000000
6711.000000,889.000000,-5747.000000
5883.000000,447.000000,-5332.000000
5007.000000,-83.000000,-4905.000000
4189.000000,-528.000000,-4387.000000
3479.000000,-866.000000,-3806.000000
2688.000000,-1144.000000,-3174.000000
1761.000000,-1287.000000,-2450.000000
808.000000,-1305.000000,-1724.000000
-147.000000,-1437.000000,-945.000000
-1082.000000,-1748.000000,-18.000000
-1905.000000,-2053.000000,821.000000
-2760.000000,-2254.000000,1422.000000
-3617.000000,-2394.000000,1887.000000
-4323.000000,-2525.000000,2262.000000
-4820.000000,-2750.000000,2588.000000
-5187.000000,-3068.000000,2964.000000
-5627.000000,-3416.000000,3309.000000
-6120.000000,-3686.000000,3551.000000
-6643.000000,-3925.000000,3744.000000
-7118.000000,-4169.000000,3968.000000
-7829.000000,-4492.000000,4157.000000
-8593.000000,-4695.000000,4194.000000
-8905.000000,-4569.000000,4181.000000
-8940.000000,-4369.000000,4279.000000
-9180.000000,-4335.000000,4552.000000
-9757.000000,-4351.000000,4886.000000
-10432.000000,-4143.000000,5106.000000
-10990.000000,-3763.000000,5064.000000
-11352.000000,-3360.000000,4888.000000
-11717.000000,-2965.000000,4703.000000
-11889.000000,-2320.000000,4595.000000
-11684.000000,-1284.000000,4513.000000
-11324.000000,-105.000000,4317.000000
-10893.000000,910.000000,3996.000000
-10288.000000,1558.000000,3438.000000
-9318.000000,1823.000000,2681.000000
-7906.000000,1893.000000,1825.000000
-6296.000000,1722.000000,934.000000
-4630.000000,1529.000000,140.000000
-3051.000000,1671.000000,-714.000000
-1389.000000,2272.000000,-1627.000000
169.000000,2916.000000,-2526.000000
1398.000000,3250.000000,-3254.000000
2340.000000,3289.000000,-3760.000000
3115.000000,3117.000000,-4109.000000
3909.000000,2908.000000,-4357.000000
4618.000000,2732.000000,-4611.000000
5050.000000,2653.000000,-4856.000000
5363.000000,2809.000000,-5139.000000
5823.000000,3159.000000,-5454.000000
6366.000000,3418.000000,-5808.000000
6842.000000,3580.000000,-6169.000000
7338.000000,3684.000000,-6514.000000
7777.000000,3760.000000,-6844.000000
8065.000000,3867.000000,-7123.000000
8245.000000,4181.000000,-7250.000000
8348.000000,4727.000000,-7375.000000
8219.000000,5444.000000,-7492.000000
7962.000000,6186.000000,-7516.000000
7860.000000,6670.000000,-7442.000000
7750.000000,6646.000000,-7262.000000
7476.000000,6213.000000,-6907.000000
7120.000000,5535.000000,-6453.000000
6684.000000,4821.000000,-6002.000000
6364.000000,4211.000000,-5592.000000
6155.000000,3744.000000,-5168.000000
5911.000000,3358.000000,-4738.000000
5482.000000,2985.000000,-4326.000000
5015.000000,2726.000000,-3999.000000
4690.000000,2552.000000,-3810.000000
4478.000000,2261.000000,-3584.000000
4255.000000,1807.000000,-3187.000000
3907.000000,1248.000000,-2670.000000
3393.000000,686.000000,-2074.000000
2818.000000,297.000000,-1413.000000
2324.000000,175.000000,-811.000000
1809.000000,267.000000,-367.000000
1234.000000,355.000000,-84.000000
833.000000,318.000000,74.000000
647.000000,127.000000,171.000000
580.000000,-79.000000,233.000000
529.000000,-178.000000,254.000000
433.000000,-134.000000,267.000000
272.000000,-109.000000,283.000000
99.000000,-126.000000,336.000000
-90.000000,-162.000000,434.000000
-329.000000,-168.000000,535.000000
-560.000000,-127.000000,625.000000
-683.000000,41.000000,580.000000
-738.000000,303.000000,357.000000
-767.000000,501.000000,48.000000
-696.000000,543.000000,-216.000000
-586.000000,441.000000,-330.000000
-523.000000,298.000000,-286.000000
-524.000000,257.000000,-155.000000
-572.000000,381.000000,-20.000000
-617.000000,539.000000,51.000000
-635.000000,574.000000,50.000000
-661.000000,537.000000,19.000000
-652.000000,531.000000,-59.000000
-603.000000,501.000000,-92.000000
-508.000000,422.000000,2.000000
-401.000000,288.000000,214.000000
-329.000000,242.000000,373.000000
-245.000000,282.000000,465.000000
-159.000000,316.000000,478.000000
-125.000000,289.000000,445.000000
-106.000000,223.000000,374.000000
-66.000000,148.000000,318.000000
-21.000000,85.000000,342.000000
57.000000,93.000000,421.000000
115.000000,174.000000,457.000000
112.000000,242.000000,427.000000
89.000000,281.000000,352.000000
107.000000,278.000000,281.000000
141.000000,267.000000,222.000000
125.000000,237.000000,183.000000
73.000000,190.000000,184.000000
46.000000,171.000000,249.000000
27.000000,169.000000,294.000000
1.000000,181.000000,279.000000
-35.000000,183.000000,244.000000
-29.000000,223.000000,205.000000
-5.000000,247.000000,152.000000
-12.000000,225.000000,139.000000
-74.000000,198.000000,189.000000
-132.000000,225.000000,214.000000
-159.000000,277.000000,182.000000
-172.000000,255.000000,146.000000
-162.000000,181.000000,124.000000
-154.000000,144.000000,110.000000
-160.000000,165.000000,101.000000
-182.000000,200.000000,113.000000
-242.000000,216.000000,130.000000
-311.000000,226.000000,138.000000
-319.000000,239.000000,144.000000
-295.000000,212.000000,153.000000
-289.000000,150.000000,151.000000
