251.000000,-1347.000000,945.000000
41.000000,-1857.000000,583.000000
-43.000000,-2115.000000,364.000000
-250.000000,-2146.000000,373.000000
-669.000000,-2317.000000,592.000000
-1219.000000,-2654.000000,927.000000
-1817.000000,-3036.000000,1335.000000
-2409.000000,-3260.000000,1761.000000
-2769.000000,-3081.000000,2128.000000
-1923.000000,-1402.000000,2616.000000
-2205.000000,-1672.000000,3733.000000
-3074.000000,-2265.000000,4829.000000
-4757.000000,-2936.000000,5975.000000
-6579.000000,-4010.000000,7013.000000
-8100.000000,-4758.000000,7982.000000
-9256.000000,-4965.000000,8865.000000
-10293.000000,-4858.000000,9475.000000
-11455.000000,-4459.000000,9842.000000
-13005.000000,-4048.000000,10248.000000
-14713.000000,-3692.000000,10801.000000
-16252.000000,-3392.000000,11432.000000
-17407.000000,-3321.000000,12105.000000
-17979.000000,-3485.000000,12948.000000
-17826.000000,-3963.000000,13873.000000
-17240.000000,-4473.000000,14748.000000
-16440.000000,-4665.000000,15041.000000
-15252.000000,-4428.000000,14408.000000
-13480.000000,-3870.000000,12834.000000
-11400.000000,-3256.000000,10443.000000
-9494.000000,-3107.000000,7768.000000
-7774.000000,-3342.000000,5398.000000
-5985.000000,-3510.000000,3178.000000
-4121.000000,-3170.000000,823.000000
-2411.000000,-2306.000000,-1480.000000
-807.000000,-1056.000000,-3481.000000
667.000000,257.000000,-5017.000000
1929.000000,1339.000000,-6391.000000
3056.000000,2072.000000,-7863.000000
4135.000000,2455.000000,-9407.000000
5105.000000,2357.000000,-10899.000000
5980.000000,1795.000000,-12204.000000
6926.000000,1008.000000,-13328.000000
7969.000000,230.000000,-14287.000000
8977.000000,-276.000000,-15122.000000
9889.000000,-336.000000,-15945.000000
10697.000000,7.000000,-16736.000000
11415.000000,545.000000,-17290.000000
11908.000000,1090.000000,-17407.000000
12090.000000,1354.000000,-17171.000000
12038.000000,1403.000000,-16464.000000
11849.000000,1382.000000,-15537.000000
11590.000000,1334.000000,-14755.000000
11237.000000,1215.000000,-13976.000000
10797.000000,1063.000000,-13170.000000
10310.000000,993.000000,-12333.000000
9759.000000,1030.000000,-11532.000000
9213.000000,1200.000000,-10830.000000
8547.000000,1342.000000,-10211.000000
7644.000000,1172.000000,-9447.000000
6685.000000,697.000000,-8309.000000
5876.000000,92.000000,-6860.000000
5165.000000,-476.000000,-5289.000000
4373.000000,-989.000000,-3732.000000
3427.000000,-1467.000000,-2260.000000
2420.000000,-1819.000000,-975.000000
1443.000000,-1929.000000,24.000000
373.000000,-1916.000000,793.000000
-677.000000,-1934.000000,1477.000000
-1567.000000,-2066.000000,2181.000000
-2412.000000,-2313.000000,2916.000000
-3377.000000,-2578.000000,3693.000000
-4399.000000,-2777.000000,4555.000000
-5389.000000,-2947.000000,5420.000000
-6414.000000,-3093.000000,6226.000000
-7464.000000,-3084.000000,6902.000000
-8438.000000,-2888.000000,7448.000000
-9283.000000,-2556.000000,7905.000000
-9995.000000,-2260.000000,8286.000000
-10599.000000,-2093.000000,8789.000000
-11126.000000,-2029.000000,9450.000000
-11577.000000,-2163.000000,10139.000000
-12112.000000,-2600.000000,10815.000000
-12811.000000,-3185.000000,11554.000000
-13470.000000,-3530.000000,12302.000000
-14029.000000,-3326.000000,12869.000000
-14423.000000,-2441.000000,13133.000000
-14653.000000,-1183.000000,13148.000000
-14893.000000,-129.000000,12945.000000
-15194.000000,499.000000,12840.000000
-15215.000000,833.000000,12662.000000
-14819.000000,1111.000000,12151.000000
-14056.000000,1390.000000,11203.000000
-13107.000000,1433.000000,10023.000000
-12364.000000,1208.000000,8945.000000
-11822.000000,1103.000000,7808.000000
-11076.000000,1406.000000,6683.000000
-10130.000000,1858.000000,5843.000000
-9074.000000,2226.000000,5199.000000
-7990.000000,2414.000000,4591.000000
-7043.000000,2164.000000,4047.000000
-6254.000000,1509.000000,3649.000000
-5357.000000,958.000000,3150.000000
-4248.000000,790.000000,2476.000000
-3068.000000,1012.000000,1657.000000
-1864.000000,1472.000000,616.000000
-618.000000,1848.000000,-548.000000
592.000000,2037.000000,-1588.000000
1621.000000,2037.000000,-2423.000000
2482.000000,2009.000000,-3070.000000
3231.000000,1966.000000,-3672.000000
3771.000000,1797.000000,-4395.000000
4329.000000,1649.000000,-5276.000000
4958.000000,1546.000000,-6329.000000
5585.000000,1398.000000,-7497.000000
6152.000000,1096.000000,-8641.000000
6655.000000,821.000000,-9686.000000
7098.000000,654.000000,-10646.000000
7676.000000,693.000000,-11448.000000
8259.000000,907.000000,-12082.000000
8799.000000,1203.000000,-12617.000000
9199.000000,1492.000000,-13071.000000
9509.000000,1729.000000,-13539.000000
9807.000000,1942.000000,-13983.000000
10183.000000,2261.000000,-14272.000000
10362.000000,2693.000000,-14289.000000
10246.000000,3322.000000,-14158.000000
10026.000000,4091.000000,-13948.000000
9838.000000,4802.000000,-13716.000000
9591.000000,5209.000000,-13390.000000
9172.000000,5271.000000,-13070.000000
8643.000000,5275.000000,-12887.000000
8372.000000,5395.000000,-12859.000000
8404.000000,5548.000000,-12882.000000
8564.000000,5665.000000,-12843.000000
8770.000000,5792.000000,-12666.000000
8893.000000,5885.000000,-12276.000000
8789.000000,5771.000000,-11586.000000
8441.000000,5362.000000,-10660.000000
7912.000000,4877.000000,-9644.000000
7496.000000,4575.000000,-8823.000000
7256.000000,4307.000000,-8176.000000
7026.000000,3934.000000,-7488.000000
6730.000000,3493.000000,-6759.000000
6378.000000,2961.000000,-6058.000000
5946.000000,2413.000000,-5374.000000
5497.000000,1881.000000,-4670.000000
4965.000000,1344.000000,-3906.000000
4281.000000,944.000000,-3025.000000
3561.000000,848.000000,-2327.000000
2942.000000,1110.000000,-1801.000000
2374.000000,1391.000000,-1378.000000
1809.000000,1437.000000,-979.000000
1376.000000,1262.000000,-581.000000
1174.000000,1021.000000,-237.000000
1076.000000,777.000000,57.000000
959.000000,622.000000,317.000000
873.000000,474.000000,503.000000
721.000000,286.000000,692.000000
504.000000,166.000000,854.000000
300.000000,105.000000,901.000000
141.000000,97.000000,871.000000
13.000000,64.000000,796.000000
-126.000000,-99.000000,714.000000
-202.000000,-294.000000,670.000000
-184.000000,-448.000000,603.000000
-85.000000,-463.000000,490.000000
-40.000000,-413.000000,341.000000
-77.000000,-331.000000,271.000000
-154.000000,-202.000000,282.000000
-334.000000,-67.000000,290.000000
-595.000000,112.000000,267.000000
-796.000000,382.000000,243.000000
-835.000000,647.000000,240.000000
-717.000000,776.000000,258.000000
-631.000000,731.000000,294.000000
-673.000000,596.000000,278.000000
-695.000000,491.000000,229.000000
-596.000000,466.000000,188.000000
-441.000000,419.000000,215.000000
-342.000000,257.000000,352.000000
-309.000000,67.000000,541.000000
-289.000000,-56.000000,684.000000
-255.000000,-31.000000,751.000000
-254.000000,39.000000,737.000000
-293.000000,67.000000,653.000000
-331.000000,59.000000,554.000000
-271.000000,48.000000,462.000000
-199.000000,57.000000,424.000000
-168.000000,118.000000,386.000000
-151.000000,213.000000,305.000000
-141.000000,289.000000,170.000000
-122.000000,323.000000,26.000000
-103.000000,292.000000,-97.000000
-83.000000,241.000000,-159.000000
-73.000000,233.000000,-188.000000
-117.000000,259.000000,-165.000000
-193.000000,311.000000,-111.000000
-270.000000,360.000000,-58.000000
-288.000000,426.000000,-70.000000
-262.000000,468.000000,-147.000000
