218.000000,305.000000,185.000000
101.000000,160.000000,194.000000
14.000000,58.000000,178.000000
-23.000000,8.000000,173.000000
-19.000000,4.000000,203.000000
2.000000,12.000000,233.000000
9.000000,-14.000000,307.000000
19.000000,-47.000000,407.000000
-23.000000,-136.000000,508.000000
-110.000000,-238.000000,572.000000
-250.000000,-330.000000,654.000000
-440.000000,-434.000000,767.000000
-599.000000,-593.000000,906.000000
-690.000000,-797.000000,1090.000000
-825.000000,-1066.000000,1351.000000
-1038.000000,-1334.000000,1620.000000
-1409.000000,-1652.000000,1807.000000
-1943.000000,-2008.000000,1957.000000
-2494.000000,-2403.000000,2057.000000
-2990.000000,-2849.000000,2148.000000
-3466.000000,-3301.000000,2224.000000
-4008.000000,-3722.000000,2375.000000
-4582.000000,-4034.000000,2614.000000
-5205.000000,-4251.000000,2928.000000
-5953.000000,-4441.000000,3264.000000
-6896.000000,-4537.000000,3678.000000
-7815.000000,-4411.000000,4255.000000
-8613.000000,-4144.000000,4952.000000
-9342.000000,-4017.000000,5686.000000
-10189.000000,-4167.000000,6525.000000
-11336.000000,-4515.000000,7286.000000
-12865.000000,-5060.000000,7728.000000
-14546.000000,-5456.000000,7717.000000
-15755.000000,-5271.000000,7338.000000
-15803.000000,-4264.000000,6663.000000
-14892.000000,-2658.000000,5869.000000
-13665.000000,-1469.000000,5089.000000
-12541.000000,-1128.000000,5200.000000
-11816.000000,-1254.000000,5060.000000
-11346.000000,-1788.000000,4604.000000
-10717.000000,-2090.000000,4273.000000
-9861.000000,-1846.000000,4051.000000
-8719.000000,-1283.000000,3734.000000
-7350.000000,-702.000000,3372.000000
-6028.000000,-499.000000,2991.000000
-4989.000000,-808.000000,2580.000000
-4174.000000,-1229.000000,2170.000000
-3327.000000,-1510.000000,1685.000000
-2230.000000,-1381.000000,1053.000000
-828.000000,-732.000000,259.000000
740.000000,112.000000,-637.000000
2095.000000,753.000000,-1480.000000
3119.000000,996.000000,-2256.000000
3993.000000,1018.000000,-3097.000000
4830.000000,988.000000,-3962.000000
5670.000000,1039.000000,-4775.000000
6424.000000,1129.000000,-5504.000000
6983.000000,1081.000000,-6093.000000
7547.000000,1032.000000,-6577.000000
8269.000000,1142.000000,-6963.000000
8992.000000,1353.000000,-7283.000000
9476.000000,1588.000000,-7529.000000
9729.000000,1777.000000,-7754.000000
9875.000000,1920.000000,-7960.000000
10040.000000,2115.000000,-8089.000000
10289.000000,2324.000000,-8175.000000
10578.000000,2406.000000,-8217.000000
10787.000000,2316.000000,-8126.000000
10915.000000,2085.000000,-7951.000000
11060.000000,1955.000000,-7806.000000
11256.000000,1965.000000,-7755.000000
11324.000000,2008.000000,-7664.000000
11276.000000,2142.000000,-7540.000000
11298.000000,2302.000000,-7414.000000
11325.000000,2344.000000,-7182.000000
11145.000000,2234.000000,-6736.000000
10752.000000,2001.000000,-6143.000000
10200.000000,1605.000000,-5510.000000
9460.000000,1126.000000,-4822.000000
8559.000000,677.000000,-4101.000000
7548.000000,267.000000,-3414.000000
6425.000000,-113.000000,-2803.000000
5352.000000,-396.000000,-2397.000000
4410.000000,-537.000000,-2100.000000
3623.000000,-524.000000,-1920.000000
2917.000000,-478.000000,-1840.000000
2158.000000,-427.000000,-1732.000000
1286.000000,-344.000000,-1498.000000
435.000000,-258.000000,-1159.000000
-319.000000,-254.000000,-762.000000
-1073.000000,-385.000000,-384.000000
-1886.000000,-627.000000,-95.000000
-2668.000000,-846.000000,143.000000
-3318.000000,-994.000000,387.000000
-3869.000000,-1108.000000,685.000000
-4450.000000,-1230.000000,1027.000000
-5176.000000,-1387.000000,1436.000000
-5919.000000,-1495.000000,1857.000000
-6554.000000,-1484.000000,2265.000000
-7088.000000,-1467.000000,2655.000000
-7630.000000,-1525.000000,3044.000000
-8224.000000,-1614.000000,3392.000000
-8795.000000,-1692.000000,3620.000000
-9249.000000,-1811.000000,3733.000000
-9706.000000,-1989.000000,3876.000000
-10330.000000,-2198.000000,4113.000000
-11205.000000,-2513.000000,4468.000000
-12244.000000,-2877.000000,4902.000000
-13064.000000,-3155.000000,5234.000000
-13635.000000,-3128.000000,5497.000000
-14318.000000,-2670.000000,5490.000000
-14927.000000,-1876.000000,4992.000000
-15277.000000,-774.000000,4445.000000
-14697.000000,91.000000,4112.000000
-13652.000000,178.000000,4177.000000
-12885.000000,-744.000000,4591.000000
-12510.000000,-2268.000000,4832.000000
-12165.000000,-3687.000000,4696.000000
-11719.000000,-4319.000000,4356.000000
-10961.000000,-4093.000000,3709.000000
-9819.000000,-3468.000000,2986.000000
-8418.000000,-2784.000000,2472.000000
-6969.000000,-2042.000000,2048.000000
-5610.000000,-1455.000000,1459.000000
-4393.000000,-1038.000000,719.000000
-3173.000000,-696.000000,-6.000000
-1889.000000,-311.000000,-684.000000
-616.000000,165.000000,-1412.000000
503.000000,739.000000,-2214.000000
1375.000000,1294.000000,-3054.000000
2091.000000,1680.000000,-3829.000000
2790.000000,1879.000000,-4450.000000
3560.000000,1889.000000,-4949.000000
4345.000000,1777.000000,-5369.000000
5135.000000,1613.000000,-5775.000000
5936.000000,1447.000000,-6251.000000
6672.000000,1263.000000,-6742.000000
7322.000000,1244.000000,-7171.000000
7986.000000,1415.000000,-7530.000000
8663.000000,1729.000000,-7802.000000
9286.000000,2118.000000,-8017.000000
9653.000000,2501.000000,-8049.000000
9701.000000,2674.000000,-7900.000000
9496.000000,2610.000000,-7709.000000
9310.000000,2551.000000,-7547.000000
9364.000000,2557.000000,-7447.000000
9522.000000,2661.000000,-7310.000000
9730.000000,2833.000000,-7161.000000
9868.000000,2904.000000,-6942.000000
9753.000000,2898.000000,-6648.000000
9471.000000,2901.000000,-6366.000000
9175.000000,3074.000000,-6144.000000
8978.000000,3478.000000,-6026.000000
8966.000000,3945.000000,-6011.000000
8980.000000,4281.000000,-5931.000000
8850.000000,4377.000000,-5780.000000
8510.000000,4220.000000,-5550.000000
7824.000000,3932.000000,-5249.000000
6960.000000,3629.000000,-4913.000000
6246.000000,3389.000000,-4574.000000
5815.000000,3257.000000,-4194.000000
5693.000000,3260.000000,-3790.000000
5698.000000,3237.000000,-3409.000000
5491.000000,3114.000000,-3041.000000
5088.000000,2976.000000,-2732.000000
4670.000000,2811.000000,-2482.000000
4215.000000,2604.000000,-2222.000000
3684.000000,2413.000000,-1940.000000
3134.000000,2241.000000,-1637.000000
2619.000000,2024.000000,-1243.000000
2119.000000,1723.000000,-780.000000
1593.000000,1328.000000,-365.000000
1112.000000,965.000000,-23.000000
714.000000,689.000000,232.000000
370.000000,506.000000,368.000000
100.000000,478.000000,353.000000
-152.000000,615.000000,192.000000
-397.000000,785.000000,32.000000
-538.000000,861.000000,6.000000
-626.000000,849.000000,170.000000
-816.000000,728.000000,456.000000
-1197.000000,506.000000,771.000000
-1678.000000,332.000000,995.000000
-2024.000000,286.000000,1058.000000
-2158.000000,425.000000,981.000000
-2112.000000,709.000000,809.000000
-1878.000000,980.000000,596.000000
-1606.000000,1073.000000,433.000000
-1502.000000,940.000000,377.000000
-1540.000000,683.000000,394.000000
-1579.000000,416.000000,436.000000
-1570.000000,235.000000,485.000000
-1482.000000,219.000000,493.000000
-1328.000000,385.000000,420.000000
-1182.000000,609.000000,285.000000
-1073.000000,769.000000,144.000000
-995.000000,819.000000,89.000000
-965.000000,782.000000,113.000000
-969.000000,717.000000,151.000000
-987.000000,706.000000,199.000000
