-777.000000,34.000000,218.000000
-974.000000,300.000000,412.000000
-1079.000000,421.000000,664.000000
-1058.000000,512.000000,1026.000000
-998.000000,674.000000,1418.000000
-967.000000,714.000000,1795.000000
-1053.000000,522.000000,2217.000000
-1450.000000,85.000000,2714.000000
-2108.000000,-466.000000,3198.000000
-2963.000000,-1005.000000,3652.000000
-3909.000000,-1487.000000,4092.000000
-4783.000000,-1849.000000,4512.000000
-5454.000000,-2046.000000,4953.000000
-5997.000000,-2105.000000,5424.000000
-6445.000000,-2052.000000,5951.000000
-6507.000000,-1742.000000,6445.000000
-6825.000000,-1867.000000,7036.000000
-7904.000000,-3080.000000,7871.000000
-9616.000000,-4527.000000,8768.000000
-11738.000000,-6198.000000,9645.000000
-13828.000000,-7524.000000,10467.000000
-14841.000000,-7737.000000,10876.000000
-14339.000000,-6935.000000,10707.000000
-12841.000000,-5757.000000,10118.000000
-11379.000000,-4885.000000,9408.000000
-10630.000000,-4786.000000,8775.000000
-10604.000000,-5311.000000,8140.000000
-10803.000000,-5901.000000,7244.000000
-10488.000000,-6150.000000,6005.000000
-9654.000000,-5772.000000,4961.000000
-8452.000000,-5290.000000,4130.000000
-7180.000000,-4903.000000,3334.000000
-6018.000000,-4606.000000,2501.000000
-5088.000000,-4255.000000,1659.000000
-4241.000000,-3582.000000,901.000000
-3325.000000,-2586.000000,222.000000
-2471.000000,-1425.000000,-319.000000
-1824.000000,-367.000000,-708.000000
-1356.000000,562.000000,-1042.000000
-794.000000,1282.000000,-1505.000000
-92.000000,1760.000000,-2020.000000
648.000000,1912.000000,-2528.000000
1318.000000,1728.000000,-3037.000000
1886.000000,1323.000000,-3548.000000
2446.000000,1015.000000,-4013.000000
3020.000000,948.000000,-4432.000000
3500.000000,1131.000000,-4907.000000
3871.000000,1409.000000,-5430.000000
4219.000000,1675.000000,-5985.000000
4656.000000,1890.000000,-6559.000000
5214.000000,1969.000000,-7204.000000
5851.000000,1865.000000,-7900.000000
6554.000000,1722.000000,-8609.000000
7252.000000,1662.000000,-9298.000000
7798.000000,1625.000000,-9898.000000
8069.000000,1509.000000,-10401.000000
8186.000000,1430.000000,-10889.000000
8358.000000,1534.000000,-11380.000000
8764.000000,1773.000000,-11820.000000
9220.000000,1997.000000,-12053.000000
9462.000000,2111.000000,-12057.000000
9449.000000,2225.000000,-12034.000000
9264.000000,2310.000000,-12030.000000
8976.000000,2270.000000,-11945.000000
8621.000000,2019.000000,-11745.000000
8285.000000,1576.000000,-11448.000000
8012.000000,1114.000000,-11019.000000
7751.000000,635.000000,-10398.000000
7357.000000,94.000000,-9612.000000
6791.000000,-506.000000,-8729.000000
6093.000000,-1032.000000,-7767.000000
5366.000000,-1284.000000,-6837.000000
4594.000000,-1321.000000,-6031.000000
3830.000000,-1317.000000,-5254.000000
3100.000000,-1358.000000,-4398.000000
2370.000000,-1377.000000,-3497.000000
1686.000000,-1282.000000,-2713.000000
1037.000000,-1137.000000,-2057.000000
423.000000,-960.000000,-1457.000000
-145.000000,-819.000000,-915.000000
-751.000000,-789.000000,-422.000000
-1393.000000,-867.000000,32.000000
-1959.000000,-1050.000000,407.000000
-2390.000000,-1274.000000,819.000000
-2804.000000,-1457.000000,1382.000000
-3341.000000,-1575.000000,2099.000000
-3977.000000,-1619.000000,2897.000000
-4577.000000,-1604.000000,3752.000000
-5084.000000,-1549.000000,4598.000000
-5522.000000,-1610.000000,5380.000000
-5894.000000,-1806.000000,6160.000000
-6170.000000,-2124.000000,6981.000000
-6495.000000,-2551.000000,7896.000000
-6962.000000,-2924.000000,8791.000000
-7563.000000,-3295.000000,9419.000000
-8414.000000,-3799.000000,9602.000000
-9375.000000,-4212.000000,9414.000000
-10238.000000,-4383.000000,9032.000000
-10806.000000,-4244.000000,8642.000000
-10755.000000,-4088.000000,8475.000000
-10430.000000,-4285.000000,8741.000000
-10490.000000,-5030.000000,9345.000000
-11134.000000,-5993.000000,9954.000000
-11800.000000,-6436.000000,10052.000000
-12018.000000,-6027.000000,9693.000000
-11690.000000,-5031.000000,9120.000000
-11003.000000,-3959.000000,8651.000000
-10240.000000,-3300.000000,8381.000000
-9500.000000,-3013.000000,8097.000000
-8829.000000,-2826.000000,7530.000000
-8249.000000,-2428.000000,6572.000000
-7548.000000,-1710.000000,5350.000000
-6543.000000,-1038.000000,4299.000000
-5418.000000,-476.000000,3483.000000
-4601.000000,-52.000000,2911.000000
-4000.000000,358.000000,2396.000000
-3332.000000,770.000000,1809.000000
-2564.000000,1080.000000,1125.000000
-1792.000000,1266.000000,448.000000
-1111.000000,1376.000000,-159.000000
-538.000000,1468.000000,-639.000000
-44.000000,1553.000000,-999.000000
424.000000,1649.000000,-1243.000000
806.000000,1663.000000,-1384.000000
1056.000000,1588.000000,-1561.000000
1271.000000,1543.000000,-1814.000000
1483.000000,1520.000000,-2143.000000
1574.000000,1391.000000,-2442.000000
1643.000000,1298.000000,-2692.000000
1981.000000,1391.000000,-3062.000000
2548.000000,1483.000000,-3590.000000
2974.000000,1334.000000,-4181.000000
3234.000000,1000.000000,-4835.000000
3616.000000,804.000000,-5593.000000
3982.000000,717.000000,-6347.000000
4141.000000,652.000000,-7188.000000
4175.000000,695.000000,-8044.000000
4281.000000,1054.000000,-8841.000000
4623.000000,1693.000000,-9592.000000
5005.000000,2404.000000,-10165.000000
5306.000000,2963.000000,-10611.000000
5549.000000,3307.000000,-11044.000000
5760.000000,3417.000000,-11424.000000
5981.000000,3332.000000,-11629.000000
6253.000000,3076.000000,-11685.000000
6478.000000,2724.000000,-11613.000000
6621.000000,2473.000000,-11540.000000
6768.000000,2361.000000,-11473.000000
6810.000000,2401.000000,-11348.000000
6706.000000,2414.000000,-11204.000000
6619.000000,2412.000000,-10994.000000
6583.000000,2364.000000,-10751.000000
6522.000000,2244.000000,-10418.000000
6497.000000,2070.000000,-10028.000000
6422.000000,1938.000000,-9585.000000
6213.000000,1803.000000,-9143.000000
5861.000000,1639.000000,-8753.000000
5400.000000,1448.000000,-8349.000000
4966.000000,1204.000000,-7927.000000
4581.000000,995.000000,-7472.000000
4287.000000,874.000000,-6985.000000
4073.000000,833.000000,-6471.000000
3818.000000,766.000000,-5890.000000
3380.000000,714.000000,-5310.000000
2788.000000,760.000000,-4719.000000
2150.000000,811.000000,-4108.000000
1676.000000,862.000000,-3491.000000
1484.000000,917.000000,-2947.000000
1320.000000,867.000000,-2495.000000
1026.000000,671.000000,-2042.000000
723.000000,398.000000,-1548.000000
479.000000,117.000000,-1077.000000
254.000000,53.000000,-688.000000
38.000000,247.000000,-440.000000
-158.000000,493.000000,-291.000000
-369.000000,650.000000,-137.000000
-542.000000,655.000000,78.000000
-675.000000,568.000000,320.000000
-789.000000,480.000000,502.000000
-884.000000,376.000000,618.000000
-920.000000,281.000000,749.000000
-946.000000,180.000000,860.000000
-980.000000,197.000000,870.000000
-986.000000,316.000000,790.000000
-953.000000,456.000000,690.000000
-893.000000,595.000000,554.000000
-842.000000,679.000000,424.000000
-838.000000,647.000000,364.000000
-837.000000,550.000000,416.000000
-784.000000,462.000000,512.000000
-728.000000,418.000000,614.000000
-715.000000,438.000000,686.000000
-714.000000,475.000000,712.000000
-671.000000,494.000000,719.000000
-590.000000,457.000000,717.000000
-500.000000,403.000000,709.000000
-392.000000,336.000000,715.000000
-301.000000,320.000000,720.000000
-227.000000,312.000000,720.000000
-153.000000,335.000000,706.000000
