-157.000000,-587.000000,258.000000
-254.000000,-668.000000,289.000000
-382.000000,-776.000000,333.000000
-509.000000,-816.000000,374.000000
-646.000000,-847.000000,430.000000
-777.000000,-850.000000,482.000000
-856.000000,-761.000000,547.000000
-873.000000,-665.000000,635.000000
-880.000000,-670.000000,775.000000
-962.000000,-837.000000,923.000000
-1164.000000,-1219.000000,1075.000000
-1470.000000,-1833.000000,1261.000000
-1919.000000,-2466.000000,1478.000000
-2563.000000,-2996.000000,1725.000000
-3469.000000,-3364.000000,2013.000000
-4627.000000,-3642.000000,2294.000000
-5986.000000,-3900.000000,2768.000000
-7310.000000,-4310.000000,3531.000000
-8572.000000,-5010.000000,4485.000000
-9748.000000,-5758.000000,5625.000000
-10748.000000,-6310.000000,6803.000000
-11703.000000,-6572.000000,7819.000000
-12460.000000,-6339.000000,8383.000000
-12690.000000,-5529.000000,8328.000000
-12411.000000,-4408.000000,7743.000000
-12117.000000,-3398.000000,6931.000000
-11772.000000,-3102.000000,6148.000000
-11688.000000,-3262.000000,5707.000000
-11726.000000,-3530.000000,5650.000000
-11626.000000,-3736.000000,5660.000000
-11231.000000,-3721.000000,5595.000000
-10565.000000,-3501.000000,5485.000000
-9772.000000,-3312.000000,5416.000000
-9257.000000,-3053.000000,5355.000000
-8865.000000,-2402.000000,5106.000000
-8065.000000,-1590.000000,4366.000000
-6972.000000,-705.000000,3406.000000
-5525.000000,-335.000000,2199.000000
-4307.000000,-289.000000,883.000000
-3314.000000,-302.000000,-281.000000
-2294.000000,-216.000000,-1102.000000
-1127.000000,158.000000,-1709.000000
215.000000,704.000000,-2200.000000
1518.000000,1319.000000,-2596.000000
2653.000000,1854.000000,-2966.000000
3589.000000,2199.000000,-3385.000000
4388.000000,2308.000000,-3861.000000
5158.000000,2346.000000,-4372.000000
5894.000000,2409.000000,-4863.000000
6656.000000,2617.000000,-5325.000000
7546.000000,3006.000000,-5747.000000
8242.000000,3307.000000,-6010.000000
8842.000000,3484.000000,-6173.000000
9379.000000,3567.000000,-6299.000000
9785.000000,3636.000000,-6489.000000
10090.000000,3788.000000,-6801.000000
10375.000000,4030.000000,-7171.000000
10637.000000,4317.000000,-7485.000000
10729.000000,4494.000000,-7663.000000
10618.000000,4549.000000,-7710.000000
10372.000000,4556.000000,-7616.000000
10071.000000,4553.000000,-7349.000000
9734.000000,4514.000000,-6921.000000
9314.000000,4324.000000,-6385.000000
8783.000000,3970.000000,-5794.000000
8099.000000,3457.000000,-5152.000000
7288.000000,2834.000000,-4478.000000
6443.000000,2178.000000,-3815.000000
5595.000000,1535.000000,-3221.000000
4744.000000,970.000000,-2671.000000
3907.000000,458.000000,-2152.000000
3076.000000,-83.000000,-1603.000000
2195.000000,-640.000000,-1048.000000
1266.000000,-1008.000000,-538.000000
381.000000,-1018.000000,-175.000000
-345.000000,-789.000000,0.000000
-983.000000,-646.000000,105.000000
-1668.000000,-763.000000,274.000000
-2398.000000,-1137.000000,488.000000
-3135.000000,-1656.000000,767.000000
-3872.000000,-2170.000000,1130.000000
-4671.000000,-2587.000000,1537.000000
-5572.000000,-3018.000000,1934.000000
-6514.000000,-3369.000000,2171.000000
-7196.000000,-3386.000000,2230.000000
-7584.000000,-3107.000000,2197.000000
-7892.000000,-2725.000000,2070.000000
-8341.000000,-2493.000000,1774.000000
-8812.000000,-2492.000000,1462.000000
-9171.000000,-2598.000000,1309.000000
-9348.000000,-2817.000000,1413.000000
-9494.000000,-3190.000000,1740.000000
-9883.000000,-3636.000000,2137.000000
-10420.000000,-3795.000000,2414.000000
-10736.000000,-3427.000000,2400.000000
-10771.000000,-2709.000000,2146.000000
-10668.000000,-1982.000000,1713.000000
-10650.000000,-1545.000000,1229.000000
-10837.000000,-1534.000000,837.000000
-11034.000000,-1845.000000,659.000000
-11026.000000,-2457.000000,727.000000
-11103.000000,-3187.000000,1042.000000
-11254.000000,-3744.000000,1187.000000
-11039.000000,-3894.000000,1003.000000
-10257.000000,-3359.000000,771.000000
-9168.000000,-2140.000000,430.000000
-7650.000000,-859.000000,-37.000000
-6193.000000,-86.000000,-411.000000
-4953.000000,167.000000,-708.000000
-3889.000000,42.000000,-1025.000000
-3000.000000,-123.000000,-1344.000000
-1983.000000,35.000000,-1627.000000
-601.000000,729.000000,-1871.000000
1119.000000,1837.000000,-2057.000000
2813.000000,2958.000000,-2257.000000
4001.000000,3555.000000,-2559.000000
4660.000000,3526.000000,-2971.000000
5168.000000,3267.000000,-3473.000000
5828.000000,3107.000000,-4017.000000
6571.000000,3124.000000,-4500.000000
7340.000000,3286.000000,-4916.000000
8148.000000,3547.000000,-5254.000000
9063.000000,3919.000000,-5577.000000
9950.000000,4171.000000,-5928.000000
10610.000000,4165.000000,-6130.000000
11086.000000,4078.000000,-6215.000000
11511.000000,4131.000000,-6274.000000
11927.000000,4335.000000,-6237.000000
12199.000000,4482.000000,-6040.000000
12123.000000,4456.000000,-5713.000000
11761.000000,4360.000000,-5458.000000
11418.000000,4349.000000,-5388.000000
11299.000000,4477.000000,-5461.000000
11351.000000,4661.000000,-5548.000000
11370.000000,4745.000000,-5507.000000
11069.000000,4474.000000,-5259.000000
10364.000000,3810.000000,-4822.000000
9384.000000,3120.000000,-4388.000000
8369.000000,2675.000000,-4038.000000
7570.000000,2637.000000,-3764.000000
7219.000000,2929.000000,-3578.000000
7114.000000,3272.000000,-3388.000000
7037.000000,3442.000000,-3158.000000
6733.000000,3230.000000,-2825.000000
6082.000000,2639.000000,-2323.000000
5216.000000,1939.000000,-1691.000000
4340.000000,1366.000000,-1026.000000
3524.000000,941.000000,-491.000000
2891.000000,763.000000,-276.000000
2555.000000,811.000000,-390.000000
2389.000000,936.000000,-656.000000
2211.000000,935.000000,-848.000000
1958.000000,772.000000,-880.000000
1601.000000,491.000000,-753.000000
1147.000000,268.000000,-552.000000
679.000000,178.000000,-363.000000
252.000000,148.000000,-162.000000
-107.000000,232.000000,-11.000000
-337.000000,389.000000,49.000000
-460.000000,389.000000,71.000000
-616.000000,325.000000,89.000000
-726.000000,304.000000,99.000000
-746.000000,319.000000,64.000000
-706.000000,315.000000,45.000000
-679.000000,204.000000,85.000000
-700.000000,33.000000,146.000000
-775.000000,-113.000000,178.000000
-894.000000,-160.000000,188.000000
-943.000000,-63.000000,184.000000
-817.000000,138.000000,171.000000
-612.000000,333.000000,188.000000
-474.000000,445.000000,244.000000
-459.000000,423.000000,303.000000
-523.000000,336.000000,309.000000
-561.000000,305.000000,234.000000
-457.000000,353.000000,88.000000
-210.000000,516.000000,-104.000000
56.000000,686.000000,-293.000000
187.000000,691.000000,-376.000000
157.000000,551.000000,-277.000000
43.000000,428.000000,-84.000000
-59.000000,376.000000,23.000000
-116.000000,365.000000,31.000000
-87.000000,389.000000,9.000000
37.000000,411.000000,-38.000000
190.000000,434.000000,-95.000000
284.000000,463.000000,-125.000000
344.000000,452.000000,-113.000000
373.000000,395.000000,-41.000000
383.000000,329.000000,81.000000
360.000000,274.000000,191.000000
333.000000,251.000000,243.000000
317.000000,271.000000,247.000000
339.000000,305.000000,225.000000
356.000000,249.000000,218.000000
258.000000,117.000000,269.000000
115.000000,37.000000,317.000000
49.000000,63.000000,292.000000
99.000000,193.000000,189.000000
188.000000,296.000000,83.000000
