189.000000,-452.000000,328.000000
188.000000,-524.000000,546.000000
228.000000,-582.000000,783.000000
227.000000,-709.000000,1002.000000
108.000000,-929.000000,1200.000000
-96.000000,-1238.000000,1388.000000
-299.000000,-1676.000000,1579.000000
-452.000000,-2129.000000,1794.000000
-585.000000,-2544.000000,1996.000000
-740.000000,-2940.000000,2138.000000
-929.000000,-3296.000000,2267.000000
-1155.000000,-3583.000000,2425.000000
-1372.000000,-3821.000000,2688.000000
-1574.000000,-4086.000000,3054.000000
-1771.000000,-4271.000000,3487.000000
-1984.000000,-4407.000000,3958.000000
-2312.000000,-4452.000000,4438.000000
-2819.000000,-4272.000000,4853.000000
-3579.000000,-3811.000000,5234.000000
-4606.000000,-3204.000000,5687.000000
-5751.000000,-2593.000000,6301.000000
-6763.000000,-2189.000000,7161.000000
-7595.000000,-2229.000000,8302.000000
-8239.000000,-2884.000000,9638.000000
-9292.000000,-3887.000000,11082.000000
-10660.000000,-5151.000000,12800.000000
-11869.000000,-6125.000000,14575.000000
-12430.000000,-6083.000000,15846.000000
-12095.000000,-5257.000000,16008.000000
-11159.000000,-4278.000000,15232.000000
-9959.000000,-3648.000000,13988.000000
-8886.000000,-3481.000000,12656.000000
-8064.000000,-3577.000000,11282.000000
-7414.000000,-3625.000000,9752.000000
-6893.000000,-3466.000000,8219.000000
-6136.000000,-3210.000000,6575.000000
-4927.000000,-2747.000000,4820.000000
-3439.000000,-1948.000000,3213.000000
-1921.000000,-764.000000,1373.000000
-334.000000,767.000000,-759.000000
1177.000000,2158.000000,-3007.000000
2408.000000,3018.000000,-5058.000000
3162.000000,3135.000000,-6665.000000
3485.000000,2624.000000,-7907.000000
3633.000000,1761.000000,-9015.000000
3878.000000,987.000000,-9973.000000
4410.000000,414.000000,-10907.000000
5115.000000,-2.000000,-11802.000000
5757.000000,-366.000000,-12627.000000
6260.000000,-625.000000,-13385.000000
6646.000000,-692.000000,-14066.000000
7000.000000,-493.000000,-14644.000000
7357.000000,-134.000000,-15040.000000
7655.000000,216.000000,-15209.000000
7866.000000,553.000000,-15151.000000
8011.000000,830.000000,-14848.000000
8032.000000,1043.000000,-14312.000000
7874.000000,1246.000000,-13586.000000
7531.000000,1505.000000,-12802.000000
7099.000000,1732.000000,-12008.000000
6648.000000,1833.000000,-11161.000000
6195.000000,1816.000000,-10256.000000
5719.000000,1643.000000,-9303.000000
5195.000000,1316.000000,-8308.000000
4632.000000,850.000000,-7281.000000
4032.000000,379.000000,-6223.000000
3376.000000,-7.000000,-5228.000000
2690.000000,-369.000000,-4304.000000
1987.000000,-714.000000,-3407.000000
1254.000000,-930.000000,-2588.000000
577.000000,-1043.000000,-1843.000000
42.000000,-1113.000000,-1191.000000
-384.000000,-1175.000000,-598.000000
-742.000000,-1244.000000,9.000000
-1149.000000,-1334.000000,689.000000
-1724.000000,-1460.000000,1466.000000
-2462.000000,-1526.000000,2292.000000
-3216.000000,-1464.000000,3127.000000
-3884.000000,-1354.000000,3994.000000
-4426.000000,-1240.000000,4963.000000
-4900.000000,-1212.000000,6018.000000
-5456.000000,-1447.000000,7147.000000
-6156.000000,-2063.000000,8312.000000
-6980.000000,-2905.000000,9445.000000
-7812.000000,-3639.000000,10517.000000
-8423.000000,-3870.000000,11362.000000
-8697.000000,-3523.000000,11830.000000
-8866.000000,-2947.000000,11978.000000
-9142.000000,-2606.000000,12130.000000
-9495.000000,-2780.000000,12586.000000
-9961.000000,-3537.000000,13277.000000
-10773.000000,-4802.000000,14038.000000
-11760.000000,-6014.000000,14589.000000
-12695.000000,-6793.000000,14480.000000
-13825.000000,-7500.000000,13874.000000
-14866.000000,-7887.000000,12620.000000
-14738.000000,-7301.000000,10960.000000
-12853.000000,-5466.000000,9097.000000
-9501.000000,-2830.000000,7201.000000
-6228.000000,-399.000000,5520.000000
-4345.000000,956.000000,4265.000000
-3860.000000,1022.000000,3464.000000
-4042.000000,264.000000,3046.000000
-4215.000000,-617.000000,2910.000000
-4081.000000,-1158.000000,2789.000000
-3411.000000,-885.000000,2264.000000
-2108.000000,277.000000,1088.000000
-399.000000,1759.000000,-480.000000
1238.000000,2996.000000,-2021.000000
2455.000000,3639.000000,-3360.000000
3141.000000,3694.000000,-4505.000000
3449.000000,3251.000000,-5477.000000
3564.000000,2638.000000,-6356.000000
3621.000000,2221.000000,-7373.000000
3787.000000,2066.000000,-8591.000000
4105.000000,2010.000000,-9940.000000
4398.000000,1846.000000,-11196.000000
4624.000000,1675.000000,-12294.000000
4898.000000,1748.000000,-13376.000000
5273.000000,2013.000000,-14404.000000
5686.000000,2339.000000,-15184.000000
6094.000000,2666.000000,-15714.000000
6422.000000,3012.000000,-16064.000000
6826.000000,3449.000000,-16269.000000
7293.000000,3991.000000,-16487.000000
7663.000000,4344.000000,-16611.000000
7784.000000,4347.000000,-16567.000000
7745.000000,4198.000000,-16367.000000
7692.000000,4049.000000,-16052.000000
7646.000000,3830.000000,-15595.000000
7514.000000,3549.000000,-14960.000000
7298.000000,3295.000000,-14140.000000
6928.000000,3066.000000,-13248.000000
6224.000000,2805.000000,-12407.000000
5212.000000,2429.000000,-11607.000000
4173.000000,1994.000000,-10920.000000
3287.000000,1492.000000,-10135.000000
2712.000000,998.000000,-9324.000000
2498.000000,635.000000,-8464.000000
2511.000000,500.000000,-7613.000000
2489.000000,580.000000,-6806.000000
2331.000000,720.000000,-5996.000000
2038.000000,810.000000,-5208.000000
1703.000000,963.000000,-4455.000000
1449.000000,1105.000000,-3783.000000
1222.000000,968.000000,-3139.000000
959.000000,568.000000,-2428.000000
648.000000,213.000000,-1711.000000
292.000000,30.000000,-1075.000000
-52.000000,66.000000,-578.000000
-324.000000,278.000000,-264.000000
-490.000000,499.000000,-147.000000
-530.000000,569.000000,-138.000000
-483.000000,448.000000,-86.000000
-436.000000,215.000000,104.000000
-521.000000,-7.000000,364.000000
-705.000000,-188.000000,582.000000
-967.000000,-353.000000,764.000000
-1258.000000,-471.000000,867.000000
-1418.000000,-442.000000,914.000000
-1218.000000,-276.000000,954.000000
-753.000000,19.000000,908.000000
-290.000000,281.000000,758.000000
-113.000000,333.000000,594.000000
-277.000000,123.000000,480.000000
-614.000000,-186.000000,468.000000
-851.000000,-430.000000,539.000000
-854.000000,-496.000000,623.000000
-669.000000,-376.000000,650.000000
-477.000000,-160.000000,590.000000
-468.000000,19.000000,467.000000
-554.000000,188.000000,272.000000
-589.000000,313.000000,84.000000
-522.000000,353.000000,-43.000000
-393.000000,292.000000,-54.000000
-287.000000,185.000000,10.000000
-245.000000,161.000000,110.000000
-246.000000,256.000000,230.000000
-271.000000,412.000000,330.000000
-311.000000,531.000000,367.000000
-364.000000,541.000000,346.000000
-432.000000,465.000000,312.000000
-395.000000,384.000000,267.000000
-201.000000,329.000000,213.000000
-23.000000,247.000000,178.000000
23.000000,168.000000,174.000000
-67.000000,145.000000,157.000000
-187.000000,170.000000,90.000000
-237.000000,197.000000,-4.000000
-224.000000,206.000000,-79.000000
-204.000000,202.000000,-151.000000
-174.000000,172.000000,-187.000000
-153.000000,182.000000,-173.000000
-165.000000,236.000000,-142.000000
-175.000000,338.000000,-121.000000
-133.000000,421.000000,-120.000000
-38.000000,444.000000,-116.000000
45.000000,387.000000,-101.000000
105.000000,273.000000,-86.000000
143.000000,183.000000,-55.000000
