1908.000000,-630.000000,303.000000
1663.000000,-641.000000,460.000000
1377.000000,-678.000000,595.000000
1014.000000,-799.000000,746.000000
596.000000,-998.000000,895.000000
163.000000,-1205.000000,1081.000000
-282.000000,-1406.000000,1272.000000
-722.000000,-1604.000000,1495.000000
-1177.000000,-1717.000000,1816.000000
-1522.000000,-1837.000000,2218.000000
-1679.000000,-2149.000000,2719.000000
-1754.000000,-2682.000000,3412.000000
-1949.000000,-3493.000000,4318.000000
-2520.000000,-4683.000000,5310.000000
-3531.000000,-6113.000000,6318.000000
-4739.000000,-7498.000000,7376.000000
-5895.000000,-8606.000000,8511.000000
-7109.000000,-9652.000000,9706.000000
-8247.000000,-11019.000000,11127.000000
-8819.000000,-12271.000000,12798.000000
-8863.000000,-12966.000000,14605.000000
-8827.000000,-13286.000000,16349.000000
-9637.000000,-13168.000000,17909.000000
-10850.000000,-12646.000000,19247.000000
-11457.000000,-11339.000000,19856.000000
-10720.000000,-9302.000000,19376.000000
-8950.000000,-6619.000000,17953.000000
-6815.000000,-3604.000000,15908.000000
-4818.000000,-1012.000000,13410.000000
-3527.000000,317.000000,10880.000000
-2971.000000,311.000000,8791.000000
-2653.000000,-419.000000,7356.000000
-2335.000000,-1112.000000,6397.000000
-2139.000000,-1354.000000,5415.000000
-2058.000000,-1165.000000,4013.000000
-1791.000000,-554.000000,2279.000000
-1076.000000,521.000000,273.000000
-24.000000,1659.000000,-1952.000000
962.000000,2394.000000,-4109.000000
1550.000000,2717.000000,-5970.000000
1785.000000,2683.000000,-7454.000000
1813.000000,2311.000000,-8650.000000
1827.000000,1814.000000,-9695.000000
1990.000000,1430.000000,-10709.000000
2346.000000,1286.000000,-11609.000000
2800.000000,1330.000000,-12370.000000
3291.000000,1531.000000,-12978.000000
3816.000000,1927.000000,-13514.000000
4302.000000,2331.000000,-14038.000000
4744.000000,2662.000000,-14579.000000
5202.000000,2890.000000,-14989.000000
5524.000000,2904.000000,-15110.000000
5653.000000,2739.000000,-15030.000000
5730.000000,2603.000000,-14873.000000
5854.000000,2574.000000,-14656.000000
5898.000000,2633.000000,-14350.000000
5820.000000,2738.000000,-13975.000000
5743.000000,2854.000000,-13532.000000
5743.000000,2911.000000,-12927.000000
5735.000000,2925.000000,-12146.000000
5636.000000,2823.000000,-11203.000000
5476.000000,2573.000000,-10155.000000
5241.000000,2194.000000,-9045.000000
4897.000000,1706.000000,-7913.000000
4428.000000,1106.000000,-6758.000000
3868.000000,508.000000,-5666.000000
3247.000000,44.000000,-4698.000000
2610.000000,-184.000000,-3904.000000
1980.000000,-229.000000,-3226.000000
1358.000000,-168.000000,-2594.000000
781.000000,-138.000000,-1956.000000
309.000000,-238.000000,-1222.000000
-78.000000,-475.000000,-285.000000
-386.000000,-814.000000,850.000000
-763.000000,-1300.000000,2130.000000
-1483.000000,-2027.000000,3488.000000
-2595.000000,-2902.000000,4759.000000
-3911.000000,-3807.000000,5859.000000
-5193.000000,-4576.000000,6855.000000
-6245.000000,-4954.000000,7817.000000
-6975.000000,-4889.000000,8869.000000
-7388.000000,-4580.000000,10106.000000
-7659.000000,-4191.000000,11480.000000
-8146.000000,-3794.000000,12988.000000
-9028.000000,-3443.000000,14602.000000
-9952.000000,-3353.000000,15690.000000
-10924.000000,-3323.000000,16290.000000
-11828.000000,-3312.000000,16603.000000
-12542.000000,-3411.000000,16565.000000
-12762.000000,-3308.000000,16352.000000
-12026.000000,-2937.000000,15980.000000
-10646.000000,-2403.000000,15314.000000
-9483.000000,-2020.000000,14399.000000
-9129.000000,-1895.000000,13325.000000
-9232.000000,-1825.000000,12013.000000
-9138.000000,-1612.000000,10590.000000
-8319.000000,-1319.000000,9273.000000
-7079.000000,-1317.000000,8201.000000
-5897.000000,-1502.000000,7283.000000
-4991.000000,-1509.000000,6178.000000
-4420.000000,-1243.000000,4778.000000
-3931.000000,-842.000000,3100.000000
-3191.000000,-327.000000,1368.000000
-2103.000000,355.000000,-322.000000
-825.000000,1135.000000,-1982.000000
265.000000,1807.000000,-3578.000000
1003.000000,2265.000000,-5043.000000
1547.000000,2444.000000,-6369.000000
2066.000000,2335.000000,-7541.000000
2571.000000,2077.000000,-8596.000000
3029.000000,1754.000000,-9566.000000
3419.000000,1442.000000,-10490.000000
3694.000000,1189.000000,-11389.000000
3944.000000,992.000000,-12228.000000
4294.000000,947.000000,-13009.000000
4772.000000,1102.000000,-13823.000000
5327.000000,1311.000000,-14633.000000
5794.000000,1387.000000,-15232.000000
5998.000000,1329.000000,-15533.000000
6028.000000,1233.000000,-15599.000000
5913.000000,1155.000000,-15466.000000
5752.000000,1257.000000,-15227.000000
5648.000000,1572.000000,-15077.000000
5701.000000,2082.000000,-15048.000000
5953.000000,2563.000000,-15028.000000
6269.000000,2829.000000,-14776.000000
6510.000000,2838.000000,-14191.000000
6534.000000,2644.000000,-13324.000000
6229.000000,2298.000000,-12329.000000
5601.000000,1800.000000,-11249.000000
4764.000000,1296.000000,-10228.000000
3998.000000,863.000000,-9196.000000
3432.000000,498.000000,-8147.000000
3112.000000,442.000000,-7220.000000
2937.000000,554.000000,-6465.000000
2795.000000,715.000000,-5764.000000
2668.000000,861.000000,-5131.000000
2516.000000,829.000000,-4487.000000
2334.000000,621.000000,-3740.000000
2115.000000,363.000000,-2934.000000
1775.000000,134.000000,-2183.000000
1251.000000,53.000000,-1561.000000
713.000000,201.000000,-1157.000000
363.000000,521.000000,-936.000000
245.000000,839.000000,-746.000000
289.000000,1031.000000,-498.000000
422.000000,941.000000,-256.000000
351.000000,674.000000,-151.000000
-30.000000,309.000000,-28.000000
-514.000000,-1.000000,85.000000
-805.000000,-158.000000,270.000000
-778.000000,-125.000000,436.000000
-537.000000,94.000000,611.000000
-325.000000,424.000000,698.000000
-298.000000,745.000000,680.000000
-353.000000,981.000000,586.000000
-347.000000,1106.000000,430.000000
-241.000000,1021.000000,288.000000
-125.000000,740.000000,264.000000
-124.000000,381.000000,319.000000
-266.000000,92.000000,394.000000
-443.000000,-31.000000,450.000000
-563.000000,6.000000,432.000000
-543.000000,134.000000,350.000000
-293.000000,316.000000,273.000000
48.000000,454.000000,266.000000
254.000000,467.000000,337.000000
240.000000,359.000000,454.000000
72.000000,244.000000,555.000000
-108.000000,233.000000,622.000000
-218.000000,302.000000,631.000000
-267.000000,365.000000,561.000000
-217.000000,374.000000,466.000000
-80.000000,291.000000,449.000000
87.000000,190.000000,495.000000
168.000000,140.000000,539.000000
132.000000,115.000000,569.000000
-1.000000,90.000000,604.000000
-134.000000,97.000000,620.000000
-212.000000,145.000000,580.000000
-264.000000,211.000000,522.000000
-275.000000,307.000000,437.000000
-180.000000,420.000000,290.000000
-42.000000,445.000000,138.000000
69.000000,390.000000,41.000000
125.000000,293.000000,37.000000
103.000000,204.000000,107.000000
-7.000000,189.000000,285.000000
-56.000000,222.000000,389.000000
-89.000000,318.000000,395.000000
-33.000000,372.000000,338.000000
18.000000,411.000000,280.000000
46.000000,360.000000,224.000000
32.000000,233.000000,167.000000
17.000000,109.000000,131.000000
-17.000000,45.000000,161.000000
-69.000000,62.000000,221.000000
-99.000000,127.000000,291.000000
-93.000000,188.000000,347.000000
-109.000000,223.000000,380.000000
