109.000000,716.000000,304.000000
-12.000000,623.000000,359.000000
-128.000000,545.000000,402.000000
-232.000000,419.000000,438.000000
-313.000000,220.000000,510.000000
-397.000000,-19.000000,617.000000
-504.000000,-305.000000,712.000000
-646.000000,-620.000000,850.000000
-879.000000,-868.000000,981.000000
-1136.000000,-982.000000,1091.000000
-1403.000000,-1018.000000,1204.000000
-1721.000000,-1072.000000,1345.000000
-2136.000000,-1255.000000,1571.000000
-2697.000000,-1631.000000,1904.000000
-3346.000000,-2158.000000,2343.000000
-3998.000000,-2774.000000,2836.000000
-4666.000000,-3368.000000,3425.000000
-5470.000000,-3920.000000,4112.000000
-6403.000000,-4271.000000,4921.000000
-7390.000000,-4406.000000,5876.000000
-8382.000000,-4367.000000,6891.000000
-9200.000000,-4315.000000,7835.000000
-9930.000000,-4376.000000,8667.000000
-10768.000000,-4477.000000,9592.000000
-11735.000000,-4581.000000,10952.000000
-11766.000000,-5532.000000,11816.000000
-12044.000000,-6287.000000,12037.000000
-12243.000000,-6249.000000,12063.000000
-12086.000000,-5643.000000,11889.000000
-11597.000000,-4683.000000,11157.000000
-11224.000000,-3903.000000,10466.000000
-10790.000000,-3338.000000,9760.000000
-10369.000000,-3081.000000,9187.000000
-9617.000000,-2945.000000,8525.000000
-8563.000000,-2668.000000,7673.000000
-7305.000000,-2413.000000,6771.000000
-6073.000000,-2095.000000,5751.000000
-4901.000000,-1581.000000,4621.000000
-3693.000000,-835.000000,3456.000000
-2422.000000,-59.000000,2326.000000
-1095.000000,624.000000,1220.000000
220.000000,1302.000000,57.000000
1359.000000,1792.000000,-1129.000000
2173.000000,1931.000000,-2265.000000
2825.000000,1856.000000,-3366.000000
3518.000000,1749.000000,-4520.000000
4365.000000,1689.000000,-5639.000000
5145.000000,1757.000000,-6580.000000
5801.000000,1716.000000,-7175.000000
6501.000000,1615.000000,-7606.000000
7147.000000,1693.000000,-7878.000000
7814.000000,1856.000000,-8078.000000
8343.000000,2098.000000,-8361.000000
8652.000000,2399.000000,-8642.000000
8895.000000,2601.000000,-8852.000000
9113.000000,2662.000000,-8960.000000
9369.000000,2719.000000,-8974.000000
9759.000000,2832.000000,-8995.000000
10077.000000,2876.000000,-9094.000000
10167.000000,2724.000000,-9153.000000
10065.000000,2470.000000,-9099.000000
9857.000000,2272.000000,-8874.000000
9573.000000,2003.000000,-8383.000000
9161.000000,1659.000000,-7643.000000
8595.000000,1299.000000,-6789.000000
7947.000000,944.000000,-5939.000000
7245.000000,597.000000,-5161.000000
6492.000000,234.000000,-4469.000000
5690.000000,-161.000000,-3820.000000
4846.000000,-558.000000,-3176.000000
4006.000000,-923.000000,-2562.000000
3171.000000,-1225.000000,-1995.000000
2440.000000,-1312.000000,-1492.000000
1802.000000,-1169.000000,-1091.000000
1113.000000,-958.000000,-807.000000
311.000000,-818.000000,-582.000000
-563.000000,-835.000000,-309.000000
-1487.000000,-982.000000,35.000000
-2390.000000,-1112.000000,485.000000
-3250.000000,-1242.000000,999.000000
-4079.000000,-1366.000000,1571.000000
-4828.000000,-1500.000000,2144.000000
-5524.000000,-1700.000000,2654.000000
-6222.000000,-1911.000000,3053.000000
-6918.000000,-2002.000000,3322.000000
-7501.000000,-1978.000000,3473.000000
-7969.000000,-1941.000000,3547.000000
-8416.000000,-1994.000000,3596.000000
-8940.000000,-2196.000000,3690.000000
-9661.000000,-2588.000000,3919.000000
-10418.000000,-3005.000000,4170.000000
-10968.000000,-3125.000000,4242.000000
-11321.000000,-2945.000000,4149.000000
-11581.000000,-2689.000000,4071.000000
-11764.000000,-2594.000000,4210.000000
-11895.000000,-2683.000000,4538.000000
-12003.000000,-2826.000000,4872.000000
-12047.000000,-2996.000000,5080.000000
-11831.000000,-2958.000000,5038.000000
-11286.000000,-2450.000000,4608.000000
-10576.000000,-1479.000000,3868.000000
-9673.000000,-478.000000,3287.000000
-8374.000000,-27.000000,3286.000000
-7200.000000,51.000000,3598.000000
-6446.000000,91.000000,3556.000000
-5712.000000,128.000000,2968.000000
-4745.000000,257.000000,1930.000000
-3415.000000,442.000000,560.000000
-1833.000000,690.000000,-742.000000
-338.000000,977.000000,-1675.000000
945.000000,1232.000000,-2338.000000
2017.000000,1477.000000,-2922.000000
2992.000000,1789.000000,-3452.000000
3900.000000,2133.000000,-3895.000000
4630.000000,2335.000000,-4314.000000
5191.000000,2393.000000,-4830.000000
5743.000000,2389.000000,-5413.000000
6427.000000,2506.000000,-6056.000000
7125.000000,2724.000000,-6747.000000
7760.000000,2844.000000,-7414.000000
8260.000000,2841.000000,-7973.000000
8712.000000,2890.000000,-8423.000000
9156.000000,3023.000000,-8745.000000
9509.000000,3149.000000,-8902.000000
9853.000000,3307.000000,-8977.000000
10248.000000,3528.000000,-9040.000000
10649.000000,3806.000000,-9142.000000
10949.000000,4108.000000,-9220.000000
10989.000000,4349.000000,-9235.000000
10737.000000,4413.000000,-9151.000000
10298.000000,4310.000000,-8919.000000
9842.000000,4197.000000,-8546.000000
9455.000000,4151.000000,-8080.000000
9205.000000,4223.000000,-7665.000000
9012.000000,4252.000000,-7382.000000
8711.000000,4061.000000,-7153.000000
8242.000000,3685.000000,-6884.000000
7663.000000,3246.000000,-6510.000000
7092.000000,2823.000000,-5976.000000
6488.000000,2411.000000,-5341.000000
5812.000000,2050.000000,-4744.000000
5035.000000,1769.000000,-4209.000000
4299.000000,1646.000000,-3749.000000
3805.000000,1675.000000,-3446.000000
3513.000000,1675.000000,-3173.000000
3207.000000,1518.000000,-2778.000000
2727.000000,1195.000000,-2260.000000
2084.000000,804.000000,-1698.000000
1379.000000,513.000000,-1186.000000
749.000000,387.000000,-755.000000
285.000000,476.000000,-359.000000
-64.000000,739.000000,1.000000
-398.000000,1137.000000,603.000000
-537.000000,1553.000000,950.000000
-634.000000,2172.000000,890.000000
-548.000000,2476.000000,713.000000
-486.000000,2351.000000,361.000000
-613.000000,1858.000000,83.000000
-800.000000,1105.000000,-73.000000
-1017.000000,430.000000,-112.000000
-1109.000000,-22.000000,-66.000000
-1035.000000,-187.000000,-32.000000
-925.000000,-87.000000,-56.000000
-814.000000,173.000000,-123.000000
-720.000000,515.000000,-177.000000
-667.000000,844.000000,-208.000000
-637.000000,1126.000000,-216.000000
-622.000000,1325.000000,-213.000000
-615.000000,1425.000000,-186.000000
-612.000000,1394.000000,-137.000000
-610.000000,1276.000000,-102.000000
-553.000000,1122.000000,-84.000000
-411.000000,959.000000,-105.000000
-231.000000,832.000000,-114.000000
-6.000000,778.000000,-112.000000
243.000000,706.000000,-123.000000
438.000000,533.000000,-148.000000
535.000000,333.000000,-161.000000
552.000000,211.000000,-160.000000
537.000000,196.000000,-138.000000
492.000000,227.000000,-64.000000
444.000000,293.000000,41.000000
421.000000,386.000000,135.000000
394.000000,441.000000,139.000000
338.000000,367.000000,23.000000
263.000000,235.000000,-167.000000
237.000000,116.000000,-310.000000
271.000000,51.000000,-348.000000
303.000000,66.000000,-263.000000
317.000000,149.000000,-122.000000
280.000000,228.000000,13.000000
211.000000,272.000000,93.000000
172.000000,281.000000,90.000000
176.000000,253.000000,38.000000
197.000000,198.000000,-15.000000
190.000000,125.000000,-38.000000
170.000000,118.000000,-65.000000
172.000000,178.000000,-113.000000
159.000000,215.000000,-154.000000
96.000000,218.000000,-121.000000
