2642.000000,-355.000000,420.000000
2341.000000,-5.000000,405.000000
1822.000000,282.000000,389.000000
1124.000000,361.000000,433.000000
423.000000,230.000000,591.000000
-161.000000,-19.000000,827.000000
-695.000000,-301.000000,1068.000000
-1359.000000,-684.000000,1275.000000
-2182.000000,-1166.000000,1443.000000
-3093.000000,-1589.000000,1547.000000
-3982.000000,-1811.000000,1446.000000
-4912.000000,-1997.000000,1368.000000
-6059.000000,-2363.000000,1431.000000
-7250.000000,-2892.000000,1686.000000
-8464.000000,-3681.000000,2232.000000
-9748.000000,-4693.000000,3022.000000
-11049.000000,-5679.000000,4038.000000
-12409.000000,-6569.000000,5261.000000
-14014.000000,-7310.000000,6569.000000
-15866.000000,-7906.000000,7916.000000
-17865.000000,-8425.000000,8991.000000
-19667.000000,-8768.000000,9533.000000
-20674.000000,-8702.000000,9613.000000
-20754.000000,-8142.000000,9240.000000
-19789.000000,-7506.000000,8425.000000
-18239.000000,-6515.000000,7825.000000
-15945.000000,-4865.000000,7246.000000
-13454.000000,-3042.000000,6336.000000
-11341.000000,-1914.000000,5167.000000
-9860.000000,-1540.000000,3950.000000
-8764.000000,-1631.000000,2957.000000
-7744.000000,-1810.000000,2200.000000
-6566.000000,-1712.000000,1577.000000
-5098.000000,-1076.000000,1027.000000
-3337.000000,110.000000,487.000000
-1455.000000,1508.000000,-235.000000
499.000000,2724.000000,-1151.000000
2405.000000,3495.000000,-2133.000000
3936.000000,3685.000000,-3101.000000
5036.000000,3439.000000,-4078.000000
5931.000000,3027.000000,-4997.000000
6700.000000,2628.000000,-5840.000000
7231.000000,2247.000000,-6624.000000
7777.000000,2078.000000,-7366.000000
8513.000000,2251.000000,-8045.000000
9262.000000,2576.000000,-8585.000000
9829.000000,2862.000000,-8983.000000
10099.000000,3052.000000,-9254.000000
10203.000000,3171.000000,-9526.000000
10224.000000,3194.000000,-9654.000000
10202.000000,3123.000000,-9604.000000
10112.000000,2996.000000,-9498.000000
9914.000000,2893.000000,-9369.000000
9761.000000,2946.000000,-9251.000000
9757.000000,3182.000000,-9104.000000
9904.000000,3469.000000,-8905.000000
9990.000000,3580.000000,-8626.000000
9796.000000,3347.000000,-8279.000000
9372.000000,2810.000000,-7860.000000
8900.000000,2178.000000,-7366.000000
8414.000000,1600.000000,-6789.000000
7875.000000,1134.000000,-6249.000000
7265.000000,740.000000,-5714.000000
6610.000000,441.000000,-5284.000000
5984.000000,255.000000,-4911.000000
5455.000000,180.000000,-4540.000000
4993.000000,108.000000,-4093.000000
4401.000000,-27.000000,-3510.000000
3629.000000,-199.000000,-2856.000000
2723.000000,-341.000000,-2179.000000
1624.000000,-412.000000,-1492.000000
388.000000,-431.000000,-850.000000
-815.000000,-490.000000,-244.000000
-1854.000000,-716.000000,305.000000
-2721.000000,-1085.000000,792.000000
-3434.000000,-1438.000000,1227.000000
-4054.000000,-1770.000000,1664.000000
-4676.000000,-2156.000000,2097.000000
-5396.000000,-2544.000000,2565.000000
-6151.000000,-2807.000000,2996.000000
-6897.000000,-2921.000000,3401.000000
-7653.000000,-2922.000000,3708.000000
-8323.000000,-2909.000000,3905.000000
-8888.000000,-2955.000000,4038.000000
-9451.000000,-3068.000000,4168.000000
-10014.000000,-3205.000000,4374.000000
-10569.000000,-3304.000000,4683.000000
-11041.000000,-3280.000000,5023.000000
-11276.000000,-3059.000000,5224.000000
-11295.000000,-2734.000000,5163.000000
-11371.000000,-2664.000000,4827.000000
-11543.000000,-2870.000000,4430.000000
-11704.000000,-3220.000000,3997.000000
-12095.000000,-3242.000000,3515.000000
-12563.000000,-2906.000000,3041.000000
-12729.000000,-2460.000000,2688.000000
-12506.000000,-2028.000000,2430.000000
-11887.000000,-1702.000000,2208.000000
-11011.000000,-1474.000000,1892.000000
-10050.000000,-1374.000000,1428.000000
-9031.000000,-1411.000000,1017.000000
-7773.000000,-1587.000000,844.000000
-6522.000000,-1680.000000,715.000000
-5423.000000,-1561.000000,446.000000
-4279.000000,-1148.000000,-58.000000
-2974.000000,-508.000000,-732.000000
-1633.000000,178.000000,-1289.000000
-235.000000,850.000000,-1646.000000
1194.000000,1443.000000,-1942.000000
2358.000000,1798.000000,-2205.000000
3263.000000,2003.000000,-2498.000000
4005.000000,2159.000000,-2909.000000
4710.000000,2333.000000,-3461.000000
5488.000000,2609.000000,-4136.000000
6332.000000,2937.000000,-4953.000000
7115.000000,3167.000000,-5752.000000
7892.000000,3345.000000,-6450.000000
8661.000000,3500.000000,-6993.000000
9339.000000,3719.000000,-7420.000000
9801.000000,4047.000000,-7794.000000
10052.000000,4438.000000,-8099.000000
10221.000000,4834.000000,-8304.000000
10356.000000,5212.000000,-8380.000000
10589.000000,5667.000000,-8393.000000
10924.000000,6052.000000,-8353.000000
11100.000000,6139.000000,-8236.000000
11069.000000,5961.000000,-8079.000000
11007.000000,5626.000000,-7955.000000
10952.000000,5178.000000,-7809.000000
10832.000000,4730.000000,-7617.000000
10619.000000,4329.000000,-7411.000000
10199.000000,4021.000000,-7222.000000
9669.000000,3890.000000,-7065.000000
9074.000000,3783.000000,-6811.000000
8299.000000,3621.000000,-6465.000000
7351.000000,3471.000000,-6069.000000
6423.000000,3315.000000,-5696.000000
5660.000000,3134.000000,-5320.000000
5033.000000,2929.000000,-4979.000000
4498.000000,2725.000000,-4639.000000
4094.000000,2515.000000,-4246.000000
3757.000000,2265.000000,-3755.000000
3382.000000,1981.000000,-3176.000000
2924.000000,1725.000000,-2566.000000
2408.000000,1468.000000,-2010.000000
1838.000000,1241.000000,-1542.000000
1257.000000,1114.000000,-1185.000000
706.000000,1069.000000,-929.000000
275.000000,1015.000000,-711.000000
-1.000000,997.000000,-509.000000
-188.000000,1026.000000,-374.000000
-399.000000,1056.000000,-316.000000
-593.000000,1031.000000,-289.000000
-662.000000,929.000000,-207.000000
-658.000000,819.000000,-91.000000
-717.000000,652.000000,60.000000
-912.000000,412.000000,282.000000
-1160.000000,164.000000,485.000000
-1346.000000,-7.000000,587.000000
-1367.000000,-32.000000,562.000000
-1169.000000,113.000000,424.000000
-808.000000,347.000000,239.000000
-441.000000,436.000000,106.000000
-273.000000,309.000000,69.000000
-356.000000,128.000000,83.000000
-573.000000,21.000000,119.000000
-731.000000,58.000000,173.000000
-709.000000,226.000000,161.000000
-588.000000,395.000000,77.000000
-495.000000,438.000000,-29.000000
-440.000000,413.000000,-101.000000
-365.000000,386.000000,-160.000000
-328.000000,306.000000,-168.000000
-337.000000,250.000000,-101.000000
-330.000000,217.000000,-42.000000
-297.000000,192.000000,-5.000000
-323.000000,191.000000,-7.000000
-415.000000,158.000000,-14.000000
-455.000000,150.000000,-36.000000
-395.000000,134.000000,-1.000000
-339.000000,123.000000,122.000000
-320.000000,149.000000,277.000000
-262.000000,205.000000,355.000000
-201.000000,246.000000,328.000000
-177.000000,264.000000,203.000000
-98.000000,340.000000,45.000000
47.000000,409.000000,-78.000000
125.000000,383.000000,-123.000000
102.000000,280.000000,-96.000000
68.000000,234.000000,-64.000000
78.000000,299.000000,-39.000000
127.000000,407.000000,-30.000000
139.000000,443.000000,-55.000000
45.000000,323.000000,-66.000000
-81.000000,179.000000,-32.000000
-191.000000,91.000000,54.000000
-287.000000,117.000000,178.000000
-290.000000,237.000000,261.000000
-221.000000,338.000000,260.000000
-172.000000,333.000000,225.000000
