3499.000000,1203.000000,-2234.000000
3333.000000,537.000000,-2236.000000
3471.000000,180.000000,-2294.000000
3696.000000,-52.000000,-2246.000000
3984.000000,-93.000000,-2187.000000
4014.000000,-372.000000,-1956.000000
3785.000000,-676.000000,-1638.000000
3510.000000,-752.000000,-1384.000000
3311.000000,-678.000000,-1127.000000
3201.000000,-631.000000,-893.000000
3100.000000,-628.000000,-655.000000
2955.000000,-693.000000,-455.000000
2734.000000,-751.000000,-224.000000
2402.000000,-802.000000,38.000000
1887.000000,-829.000000,387.000000
1196.000000,-870.000000,871.000000
409.000000,-1039.000000,1557.000000
-421.000000,-1298.000000,2383.000000
-1232.000000,-1653.000000,3300.000000
-2106.000000,-2014.000000,4299.000000
-3187.000000,-2285.000000,5402.000000
-4527.000000,-2345.000000,6596.000000
-5876.000000,-2293.000000,7849.000000
-7097.000000,-2267.000000,9215.000000
-8337.000000,-2578.000000,10765.000000
-9765.000000,-3217.000000,12388.000000
-11216.000000,-4038.000000,13922.000000
-12608.000000,-4991.000000,15650.000000
-14131.000000,-5856.000000,17671.000000
-15645.000000,-6627.000000,19783.000000
-16878.000000,-7225.000000,21803.000000
-17674.000000,-7334.000000,23370.000000
-17860.000000,-6653.000000,23883.000000
-16787.000000,-5529.000000,22980.000000
-14468.000000,-4706.000000,20660.000000
-12564.000000,-4499.000000,17691.000000
-11215.000000,-4513.000000,15231.000000
-9699.000000,-4130.000000,13199.000000
-8089.000000,-3402.000000,11063.000000
-6175.000000,-2418.000000,8844.000000
-4312.000000,-1358.000000,6927.000000
-2685.000000,-407.000000,5191.000000
-1450.000000,607.000000,3652.000000
144.000000,1603.000000,1911.000000
1797.000000,2404.000000,-146.000000
3083.000000,2857.000000,-2027.000000
4130.000000,3101.000000,-3613.000000
5138.000000,3158.000000,-4963.000000
5970.000000,3006.000000,-6103.000000
6566.000000,2671.000000,-6976.000000
6957.000000,2207.000000,-7640.000000
7372.000000,1712.000000,-8148.000000
7813.000000,1254.000000,-8591.000000
8270.000000,988.000000,-8978.000000
8825.000000,908.000000,-9218.000000
9206.000000,845.000000,-9428.000000
9454.000000,601.000000,-9691.000000
9669.000000,247.000000,-9958.000000
9981.000000,-84.000000,-10205.000000
10395.000000,-403.000000,-10371.000000
10765.000000,-816.000000,-10371.000000
10956.000000,-1443.000000,-10228.000000
10970.000000,-2199.000000,-10038.000000
10918.000000,-2758.000000,-9940.000000
10823.000000,-2993.000000,-10015.000000
10651.000000,-2976.000000,-10129.000000
10400.000000,-2676.000000,-10156.000000
10078.000000,-2207.000000,-10124.000000
9673.000000,-1794.000000,-9800.000000
9236.000000,-1528.000000,-9139.000000
8775.000000,-1492.000000,-8309.000000
8252.000000,-1699.000000,-7468.000000
7683.000000,-2016.000000,-6718.000000
6966.000000,-2452.000000,-5944.000000
6277.000000,-3029.000000,-5078.000000
5719.000000,-3549.000000,-4330.000000
5040.000000,-3802.000000,-4017.000000
4382.000000,-4046.000000,-4043.000000
3239.000000,-4533.000000,-4103.000000
1559.000000,-5167.000000,-4135.000000
0.000000,-5679.000000,-4141.000000
-1272.000000,-5891.000000,-4103.000000
-2548.000000,-5841.000000,-4336.000000
-3832.000000,-5583.000000,-4861.000000
-4868.000000,-5265.000000,-5381.000000
-5415.000000,-5086.000000,-5686.000000
-5743.000000,-5345.000000,-5896.000000
-6260.000000,-5961.000000,-5998.000000
-6612.000000,-6500.000000,-5947.000000
-6519.000000,-6868.000000,-5762.000000
-6389.000000,-7233.000000,-5407.000000
-6615.000000,-7521.000000,-4889.000000
-6858.000000,-7352.000000,-4074.000000
-7255.000000,-6883.000000,-2654.000000
-8093.000000,-6593.000000,-608.000000
-8706.000000,-6413.000000,1751.000000
-8600.000000,-6308.000000,4099.000000
-7961.000000,-6285.000000,6172.000000
-6960.000000,-6209.000000,7757.000000
-5826.000000,-5893.000000,8921.000000
-4886.000000,-5165.000000,9903.000000
-4110.000000,-3843.000000,10614.000000
-3173.000000,-2378.000000,11011.000000
-2251.000000,-1237.000000,11326.000000
-1424.000000,-248.000000,11516.000000
-293.000000,1056.000000,11511.000000
1107.000000,2551.000000,11606.000000
2310.000000,3787.000000,11930.000000
3160.000000,4721.000000,12084.000000
3673.000000,5372.000000,11992.000000
4157.000000,5966.000000,11643.000000
4689.000000,6452.000000,10924.000000
5193.000000,6761.000000,9790.000000
5548.000000,6445.000000,8496.000000
5812.000000,5634.000000,7428.000000
6035.000000,4574.000000,6798.000000
6228.000000,3618.000000,6340.000000
6349.000000,3084.000000,5806.000000
6241.000000,3230.000000,5035.000000
5739.000000,3743.000000,4059.000000
4983.000000,4204.000000,3013.000000
4063.000000,4077.000000,2070.000000
2878.000000,3097.000000,1465.000000
1709.000000,1796.000000,1239.000000
755.000000,761.000000,1182.000000
-188.000000,171.000000,1067.000000
-925.000000,175.000000,893.000000
-1485.000000,500.000000,778.000000
-2108.000000,542.000000,729.000000
-2815.000000,109.000000,777.000000
-3505.000000,-511.000000,874.000000
-4184.000000,-1038.000000,905.000000
-4803.000000,-1247.000000,866.000000
-5322.000000,-1229.000000,831.000000
-5994.000000,-1349.000000,822.000000
-6707.000000,-1643.000000,827.000000
-7266.000000,-2026.000000,903.000000
-7867.000000,-2494.000000,1138.000000
-8509.000000,-2933.000000,1565.000000
-9174.000000,-3300.000000,2136.000000
-10074.000000,-3639.000000,2716.000000
-10893.000000,-3740.000000,3203.000000
-11424.000000,-3705.000000,3654.000000
-11806.000000,-3842.000000,4157.000000
-12370.000000,-4091.000000,4709.000000
-12947.000000,-4199.000000,5181.000000
-13188.000000,-3864.000000,5434.000000
-13440.000000,-3514.000000,5422.000000
-13591.000000,-3347.000000,5264.000000
-13251.000000,-3441.000000,5183.000000
-12842.000000,-3654.000000,5095.000000
-12435.000000,-3736.000000,4995.000000
-12104.000000,-3668.000000,5172.000000
-11497.000000,-3130.000000,5455.000000
-10574.000000,-2022.000000,5387.000000
-9718.000000,-803.000000,4878.000000
-8853.000000,47.000000,4188.000000
-7899.000000,358.000000,3533.000000
-6979.000000,216.000000,3016.000000
-6063.000000,145.000000,2545.000000
-5211.000000,287.000000,1974.000000
-4494.000000,479.000000,1372.000000
-3830.000000,652.000000,746.000000
-3194.000000,911.000000,-30.000000
-2552.000000,1349.000000,-826.000000
-1828.000000,1889.000000,-1434.000000
-1138.000000,2432.000000,-1852.000000
-597.000000,2987.000000,-2061.000000
-366.000000,3455.000000,-2055.000000
-306.000000,3784.000000,-1951.000000
-88.000000,4049.000000,-1833.000000
285.000000,4303.000000,-1756.000000
710.000000,4661.000000,-1833.000000
1218.000000,5085.000000,-2010.000000
1724.000000,5410.000000,-2166.000000
2143.000000,5590.000000,-2239.000000
2452.000000,5639.000000,-2251.000000
2715.000000,5724.000000,-2265.000000
3006.000000,5952.000000,-2339.000000
3268.000000,6262.000000,-2485.000000
3416.000000,6646.000000,-2631.000000
3545.000000,7033.000000,-2743.000000
3778.000000,7401.000000,-2741.000000
4123.000000,7756.000000,-2654.000000
4568.000000,8085.000000,-2571.000000
5089.000000,8299.000000,-2578.000000
5539.000000,8316.000000,-2649.000000
5926.000000,8124.000000,-2800.000000
6274.000000,7844.000000,-2965.000000
6554.000000,7606.000000,-3087.000000
6668.000000,7390.000000,-3061.000000
6623.000000,7185.000000,-2832.000000
6505.000000,7073.000000,-2521.000000
6296.000000,7182.000000,-2273.000000
5805.000000,7431.000000,-2219.000000
4968.000000,7454.000000,-2308.000000
4070.000000,7055.000000,-2400.000000
3300.000000,6324.000000,-2432.000000
2796.000000,5569.000000,-2351.000000
2522.000000,4807.000000,-2209.000000
