246.000000,167.000000,-898.000000
11.000000,45.000000,-926.000000
-157.000000,-196.000000,-695.000000
-320.000000,-175.000000,-298.000000
-533.000000,-158.000000,117.000000
-750.000000,-164.000000,540.000000
-857.000000,-151.000000,953.000000
-907.000000,-130.000000,1423.000000
-789.000000,84.000000,1844.000000
-1006.000000,7.000000,2519.000000
-1238.000000,99.000000,3202.000000
-1520.000000,492.000000,3819.000000
-2000.000000,648.000000,4499.000000
-2503.000000,631.000000,5365.000000
-3080.000000,702.000000,6401.000000
-3777.000000,894.000000,7595.000000
-4492.000000,1159.000000,8924.000000
-5149.000000,1770.000000,10359.000000
-5875.000000,2708.000000,11833.000000
-6854.000000,3575.000000,13363.000000
-8194.000000,4160.000000,15077.000000
-9949.000000,4668.000000,16954.000000
-11714.000000,5024.000000,18920.000000
-13347.000000,4787.000000,20869.000000
-14695.000000,3986.000000,22466.000000
-15113.000000,3268.000000,23323.000000
-14267.000000,2729.000000,23224.000000
-13019.000000,2169.000000,21904.000000
-11702.000000,1929.000000,19416.000000
-10155.000000,1672.000000,16101.000000
-8796.000000,831.000000,12691.000000
-8074.000000,-487.000000,9948.000000
-7569.000000,-1810.000000,8062.000000
-6621.000000,-2815.000000,6691.000000
-5699.000000,-3270.000000,5861.000000
-4536.000000,-3006.000000,4792.000000
-2728.000000,-1986.000000,3177.000000
-385.000000,-530.000000,1200.000000
1928.000000,754.000000,-848.000000
3585.000000,1603.000000,-2773.000000
4621.000000,2003.000000,-4422.000000
5229.000000,2008.000000,-5633.000000
5635.000000,1667.000000,-6438.000000
5976.000000,1094.000000,-7129.000000
6257.000000,516.000000,-7778.000000
6464.000000,101.000000,-8349.000000
6729.000000,-76.000000,-8806.000000
6998.000000,-78.000000,-9146.000000
7320.000000,-73.000000,-9454.000000
7675.000000,-124.000000,-9774.000000
8070.000000,-258.000000,-10090.000000
8440.000000,-506.000000,-10421.000000
8689.000000,-1021.000000,-10677.000000
8802.000000,-1858.000000,-10775.000000
8828.000000,-2888.000000,-10734.000000
8816.000000,-3833.000000,-10718.000000
8675.000000,-4724.000000,-10735.000000
8457.000000,-5616.000000,-10645.000000
8283.000000,-6383.000000,-10533.000000
8095.000000,-6874.000000,-10576.000000
7744.000000,-7346.000000,-10699.000000
7326.000000,-7784.000000,-10761.000000
7139.000000,-8199.000000,-10541.000000
6937.000000,-8433.000000,-10237.000000
6540.000000,-8413.000000,-10042.000000
5962.000000,-8454.000000,-9834.000000
5265.000000,-8414.000000,-9610.000000
4524.000000,-8176.000000,-9291.000000
3936.000000,-7836.000000,-8865.000000
3551.000000,-7377.000000,-8499.000000
3141.000000,-7081.000000,-8207.000000
2600.000000,-7033.000000,-7955.000000
1916.000000,-7207.000000,-7674.000000
1163.000000,-7352.000000,-7347.000000
433.000000,-7416.000000,-6879.000000
-236.000000,-7561.000000,-6347.000000
-1011.000000,-7842.000000,-5743.000000
-2062.000000,-8299.000000,-5221.000000
-3054.000000,-8830.000000,-4779.000000
-3723.000000,-9250.000000,-4291.000000
-4379.000000,-9395.000000,-3779.000000
-5344.000000,-9110.000000,-3306.000000
-6575.000000,-8516.000000,-2766.000000
-7839.000000,-7833.000000,-2116.000000
-8871.000000,-7008.000000,-1207.000000
-9803.000000,-6086.000000,-296.000000
-10833.000000,-4900.000000,512.000000
-12021.000000,-3174.000000,1162.000000
-12729.000000,-693.000000,1613.000000
-12665.000000,2352.000000,1975.000000
-12053.000000,5256.000000,2376.000000
-10904.000000,7206.000000,2734.000000
-9645.000000,7707.000000,3018.000000
-8745.000000,6942.000000,3194.000000
-8267.000000,5521.000000,3471.000000
-7877.000000,3907.000000,3856.000000
-7482.000000,2785.000000,4300.000000
-7132.000000,2799.000000,4825.000000
-6647.000000,4020.000000,5468.000000
-6009.000000,5964.000000,6289.000000
-5369.000000,7882.000000,7321.000000
-4593.000000,9208.000000,8389.000000
-3703.000000,9583.000000,9276.000000
-3065.000000,8898.000000,9890.000000
-2515.000000,6820.000000,10211.000000
-2200.000000,5211.000000,10685.000000
-1824.000000,4669.000000,10447.000000
-1343.000000,4592.000000,10180.000000
-749.000000,4704.000000,10173.000000
-125.000000,4580.000000,10386.000000
530.000000,3995.000000,10598.000000
1200.000000,3161.000000,10598.000000
2019.000000,2416.000000,10270.000000
3089.000000,1969.000000,9547.000000
4315.000000,1726.000000,8533.000000
5461.000000,1581.000000,7403.000000
6182.000000,1278.000000,6286.000000
6538.000000,851.000000,5394.000000
6885.000000,551.000000,4755.000000
7262.000000,404.000000,4177.000000
7426.000000,478.000000,3571.000000
7157.000000,668.000000,2943.000000
6388.000000,756.000000,2274.000000
5420.000000,440.000000,1621.000000
4525.000000,-143.000000,1084.000000
3918.000000,-544.000000,804.000000
3338.000000,-663.000000,688.000000
2711.000000,-466.000000,646.000000
2033.000000,-30.000000,596.000000
1333.000000,467.000000,552.000000
700.000000,919.000000,501.000000
21.000000,1042.000000,384.000000
-962.000000,635.000000,211.000000
-2380.000000,-221.000000,-33.000000
-3955.000000,-1248.000000,-261.000000
-5446.000000,-1879.000000,-550.000000
-6571.000000,-2057.000000,-887.000000
-7070.000000,-1986.000000,-1287.000000
-7120.000000,-1794.000000,-1654.000000
-7239.000000,-1803.000000,-1877.000000
-7705.000000,-2198.000000,-1933.000000
-8361.000000,-2845.000000,-1841.000000
-9147.000000,-3655.000000,-1673.000000
-10025.000000,-4614.000000,-1483.000000
-10938.000000,-5476.000000,-1234.000000
-11744.000000,-5926.000000,-898.000000
-12316.000000,-5948.000000,-553.000000
-12658.000000,-5761.000000,-174.000000
-13068.000000,-5645.000000,204.000000
-13587.000000,-5359.000000,464.000000
-13609.000000,-4557.000000,449.000000
-12986.000000,-3456.000000,246.000000
-12061.000000,-2221.000000,116.000000
-11134.000000,-895.000000,134.000000
-10590.000000,201.000000,263.000000
-10315.000000,802.000000,376.000000
-9763.000000,1014.000000,411.000000
-8661.000000,1239.000000,373.000000
-7403.000000,1485.000000,118.000000
-6371.000000,1561.000000,-346.000000
-5380.000000,1547.000000,-915.000000
-4264.000000,1738.000000,-1373.000000
-3153.000000,2217.000000,-1633.000000
-2090.000000,2739.000000,-1697.000000
-1052.000000,3054.000000,-1629.000000
-9.000000,3254.000000,-1549.000000
962.000000,3388.000000,-1505.000000
1564.000000,3359.000000,-1462.000000
1785.000000,3125.000000,-1415.000000
2030.000000,2829.000000,-1395.000000
2454.000000,2631.000000,-1404.000000
2945.000000,2562.000000,-1418.000000
3339.000000,2557.000000,-1451.000000
3517.000000,2536.000000,-1473.000000
3625.000000,2529.000000,-1394.000000
3734.000000,2574.000000,-1286.000000
3892.000000,2746.000000,-1149.000000
4150.000000,2985.000000,-916.000000
4463.000000,3161.000000,-582.000000
4658.000000,3252.000000,-179.000000
4674.000000,3315.000000,171.000000
4681.000000,3480.000000,428.000000
4853.000000,3690.000000,644.000000
5142.000000,3793.000000,835.000000
5437.000000,3803.000000,968.000000
5482.000000,3797.000000,933.000000
5321.000000,3795.000000,826.000000
5142.000000,3666.000000,746.000000
5104.000000,3499.000000,674.000000
5334.000000,3354.000000,546.000000
5656.000000,3113.000000,408.000000
5903.000000,2761.000000,314.000000
6033.000000,2372.000000,265.000000
6041.000000,1974.000000,254.000000
6028.000000,1698.000000,205.000000
6126.000000,1513.000000,84.000000
6306.000000,1332.000000,-88.000000
6476.000000,1227.000000,-245.000000
6452.000000,1200.000000,-360.000000
6221.000000,1317.000000,-438.000000
