1784.000000,2540.000000,-2206.000000
1743.000000,2119.000000,-2192.000000
1838.000000,1732.000000,-2083.000000
1989.000000,1452.000000,-1915.000000
2120.000000,1273.000000,-1799.000000
2185.000000,1127.000000,-1828.000000
2169.000000,917.000000,-1971.000000
2093.000000,722.000000,-2125.000000
2035.000000,560.000000,-2228.000000
2013.000000,403.000000,-2267.000000
1965.000000,204.000000,-2179.000000
1798.000000,-24.000000,-1990.000000
1497.000000,-279.000000,-1700.000000
1252.000000,-600.000000,-1361.000000
1042.000000,-1001.000000,-949.000000
676.000000,-1339.000000,-404.000000
276.000000,-1555.000000,327.000000
-86.000000,-1801.000000,1129.000000
-655.000000,-2166.000000,2009.000000
-1595.000000,-2503.000000,2943.000000
-2632.000000,-2758.000000,3721.000000
-3598.000000,-2890.000000,4384.000000
-4573.000000,-3013.000000,5046.000000
-5668.000000,-3186.000000,5612.000000
-6895.000000,-3296.000000,6125.000000
-8185.000000,-3296.000000,6726.000000
-9437.000000,-3214.000000,7514.000000
-10571.000000,-3076.000000,8560.000000
-11574.000000,-3074.000000,9659.000000
-12604.000000,-3421.000000,10730.000000
-13838.000000,-4021.000000,11751.000000
-15038.000000,-4469.000000,12941.000000
-15964.000000,-4691.000000,14208.000000
-16827.000000,-4762.000000,15293.000000
-17472.000000,-4319.000000,16031.000000
-17286.000000,-3212.000000,16191.000000
-16387.000000,-1978.000000,15468.000000
-15423.000000,-1324.000000,14015.000000
-14528.000000,-1449.000000,12336.000000
-13592.000000,-2332.000000,10988.000000
-13451.000000,-3311.000000,10000.000000
-12758.000000,-4314.000000,10529.000000
-11276.000000,-4086.000000,10581.000000
-9128.000000,-3689.000000,9105.000000
-7086.000000,-3324.000000,7226.000000
-5203.000000,-2818.000000,5873.000000
-3692.000000,-2395.000000,4927.000000
-2314.000000,-2007.000000,3925.000000
-882.000000,-1322.000000,2753.000000
637.000000,-469.000000,1400.000000
2104.000000,532.000000,-460.000000
3458.000000,1337.000000,-2388.000000
4715.000000,1874.000000,-3802.000000
5953.000000,2121.000000,-4701.000000
7000.000000,2046.000000,-5277.000000
7832.000000,1610.000000,-5711.000000
8404.000000,887.000000,-6143.000000
8791.000000,7.000000,-6599.000000
9229.000000,-865.000000,-6991.000000
9657.000000,-1541.000000,-7362.000000
9981.000000,-1716.000000,-7618.000000
10224.000000,-1417.000000,-7767.000000
10357.000000,-902.000000,-7859.000000
10439.000000,-482.000000,-7958.000000
10555.000000,-267.000000,-8073.000000
10750.000000,-353.000000,-8208.000000
10972.000000,-739.000000,-8347.000000
11179.000000,-1477.000000,-8526.000000
11310.000000,-2555.000000,-8679.000000
11438.000000,-3916.000000,-8761.000000
11625.000000,-5431.000000,-8909.000000
11714.000000,-6355.000000,-9159.000000
11622.000000,-6962.000000,-9481.000000
11257.000000,-6933.000000,-9720.000000
10814.000000,-6411.000000,-9537.000000
9685.000000,-5277.000000,-8899.000000
8591.000000,-4611.000000,-7845.000000
7064.000000,-4182.000000,-6643.000000
5236.000000,-3972.000000,-5587.000000
3636.000000,-3829.000000,-4996.000000
2271.000000,-3662.000000,-4790.000000
1473.000000,-3371.000000,-4895.000000
1075.000000,-3068.000000,-5273.000000
440.000000,-3244.000000,-5752.000000
-391.000000,-3767.000000,-6040.000000
-772.000000,-4256.000000,-6056.000000
-698.000000,-4616.000000,-5960.000000
-662.000000,-5006.000000,-5882.000000
-1003.000000,-5448.000000,-6177.000000
-1369.000000,-5589.000000,-6904.000000
-1524.000000,-5377.000000,-7670.000000
-1922.000000,-5106.000000,-8007.000000
-2829.000000,-4717.000000,-7909.000000
-3854.000000,-4064.000000,-7507.000000
-4550.000000,-3224.000000,-6918.000000
-5133.000000,-2678.000000,-6107.000000
-5490.000000,-2456.000000,-5047.000000
-5564.000000,-2554.000000,-3889.000000
-5711.000000,-2888.000000,-2902.000000
-5771.000000,-3211.000000,-2261.000000
-5600.000000,-3337.000000,-1866.000000
-5479.000000,-3458.000000,-1363.000000
-5547.000000,-3600.000000,-556.000000
-5710.000000,-3651.000000,550.000000
-5897.000000,-3527.000000,1717.000000
-6113.000000,-3186.000000,2794.000000
-6176.000000,-2567.000000,3761.000000
-5878.000000,-1641.000000,4590.000000
-5319.000000,-773.000000,5300.000000
-4702.000000,-213.000000,5965.000000
-3903.000000,142.000000,6599.000000
-2921.000000,413.000000,7249.000000
-2188.000000,478.000000,7976.000000
-1772.000000,606.000000,8619.000000
-1349.000000,1075.000000,9006.000000
-849.000000,1746.000000,9243.000000
-392.000000,2475.000000,9494.000000
143.000000,3291.000000,9683.000000
886.000000,4171.000000,9683.000000
1627.000000,4977.000000,9502.000000
2247.000000,5615.000000,9220.000000
2780.000000,5797.000000,8947.000000
3236.000000,5516.000000,8652.000000
3614.000000,5125.000000,8294.000000
3959.000000,4819.000000,7740.000000
4243.000000,4630.000000,7076.000000
4374.000000,4327.000000,6200.000000
4217.000000,3832.000000,5338.000000
3886.000000,3282.000000,4665.000000
3520.000000,2839.000000,4242.000000
3265.000000,2512.000000,3978.000000
3055.000000,2247.000000,3682.000000
2692.000000,1951.000000,3151.000000
2190.000000,1698.000000,2349.000000
1753.000000,1514.000000,1455.000000
1435.000000,1295.000000,731.000000
1167.000000,961.000000,302.000000
793.000000,455.000000,144.000000
230.000000,-47.000000,154.000000
-355.000000,-382.000000,113.000000
-881.000000,-593.000000,-31.000000
-1354.000000,-684.000000,-228.000000
-1782.000000,-725.000000,-444.000000
-2210.000000,-873.000000,-622.000000
-2656.000000,-1133.000000,-692.000000
-3086.000000,-1438.000000,-616.000000
-3588.000000,-1766.000000,-436.000000
-4203.000000,-2047.000000,-243.000000
-4804.000000,-2181.000000,-140.000000
-5324.000000,-2278.000000,-38.000000
-5919.000000,-2617.000000,153.000000
-6662.000000,-3262.000000,343.000000
-7249.000000,-3966.000000,664.000000
-7747.000000,-4678.000000,1237.000000
-8265.000000,-5467.000000,2028.000000
-8548.000000,-6267.000000,3093.000000
-8573.000000,-7056.000000,4404.000000
-8275.000000,-7524.000000,5640.000000
-7748.000000,-7704.000000,6385.000000
-7519.000000,-7782.000000,6681.000000
-7786.000000,-7693.000000,6814.000000
-8586.000000,-7512.000000,6952.000000
-9894.000000,-7437.000000,7128.000000
-11234.000000,-7354.000000,7089.000000
-12532.000000,-7058.000000,6758.000000
-14181.000000,-6744.000000,7030.000000
-15770.000000,-6402.000000,7777.000000
-16262.000000,-5809.000000,8687.000000
-15086.000000,-4502.000000,9247.000000
-13588.000000,-2822.000000,9164.000000
-12558.000000,-1436.000000,8579.000000
-11700.000000,-703.000000,7962.000000
-10895.000000,-748.000000,7234.000000
-10184.000000,-1327.000000,6529.000000
-9345.000000,-2121.000000,6042.000000
-8374.000000,-2891.000000,5823.000000
-7571.000000,-3522.000000,5608.000000
-6396.000000,-3271.000000,5167.000000
-4691.000000,-2209.000000,4366.000000
-2936.000000,-1069.000000,3245.000000
-1293.000000,49.000000,2017.000000
1.000000,900.000000,869.000000
829.000000,1437.000000,-125.000000
1538.000000,1798.000000,-965.000000
2367.000000,2156.000000,-1605.000000
3126.000000,2443.000000,-1995.000000
3740.000000,2771.000000,-2161.000000
4408.000000,3161.000000,-2365.000000
5037.000000,3623.000000,-2711.000000
5531.000000,3985.000000,-3076.000000
5922.000000,4117.000000,-3339.000000
6286.000000,4155.000000,-3554.000000
6541.000000,4114.000000,-3707.000000
6631.000000,3982.000000,-3721.000000
6695.000000,3840.000000,-3572.000000
6741.000000,3763.000000,-3303.000000
6770.000000,3858.000000,-3018.000000
6857.000000,4080.000000,-2778.000000
6897.000000,4335.000000,-2594.000000
6802.000000,4519.000000,-2492.000000
