1078.000000,-364.000000,-848.000000
907.000000,-366.000000,-798.000000
717.000000,-303.000000,-732.000000
602.000000,-175.000000,-581.000000
540.000000,-122.000000,-295.000000
467.000000,-181.000000,169.000000
377.000000,-314.000000,716.000000
262.000000,-448.000000,1270.000000
43.000000,-509.000000,1796.000000
-332.000000,-526.000000,2267.000000
-881.000000,-494.000000,2703.000000
-1610.000000,-264.000000,3065.000000
-2441.000000,274.000000,3363.000000
-3286.000000,965.000000,3820.000000
-3947.000000,1626.000000,4619.000000
-4359.000000,1952.000000,5815.000000
-4723.000000,1747.000000,7257.000000
-5241.000000,1104.000000,8726.000000
-5977.000000,172.000000,10244.000000
-6746.000000,-1057.000000,12019.000000
-7353.000000,-2483.000000,14130.000000
-7863.000000,-3899.000000,16382.000000
-8428.000000,-5132.000000,18332.000000
-9147.000000,-6273.000000,19908.000000
-10073.000000,-7415.000000,21526.000000
-11039.000000,-7880.000000,22977.000000
-11621.000000,-7507.000000,23988.000000
-11521.000000,-6109.000000,24166.000000
-10793.000000,-4367.000000,23133.000000
-9732.000000,-2943.000000,21358.000000
-8742.000000,-2309.000000,19535.000000
-8180.000000,-2182.000000,18119.000000
-7531.000000,-1778.000000,16567.000000
-6341.000000,-1118.000000,14364.000000
-5026.000000,-396.000000,11607.000000
-3755.000000,125.000000,8982.000000
-2630.000000,304.000000,6922.000000
-1745.000000,292.000000,5391.000000
-1141.000000,190.000000,4179.000000
-672.000000,183.000000,2992.000000
-36.000000,347.000000,1559.000000
834.000000,572.000000,-178.000000
1722.000000,707.000000,-2031.000000
2533.000000,736.000000,-3900.000000
3108.000000,686.000000,-5250.000000
3697.000000,531.000000,-6650.000000
4220.000000,294.000000,-7890.000000
4775.000000,-5.000000,-8885.000000
5283.000000,-409.000000,-9596.000000
5534.000000,-782.000000,-9912.000000
5517.000000,-1161.000000,-10096.000000
5303.000000,-1611.000000,-10325.000000
5240.000000,-1989.000000,-10755.000000
5498.000000,-2157.000000,-11493.000000
5893.000000,-2286.000000,-12437.000000
6179.000000,-2541.000000,-13464.000000
6268.000000,-2967.000000,-14374.000000
6317.000000,-3429.000000,-14972.000000
6368.000000,-3917.000000,-15070.000000
6369.000000,-4349.000000,-14823.000000
6292.000000,-4615.000000,-14611.000000
6037.000000,-4794.000000,-14596.000000
5710.000000,-4902.000000,-14613.000000
5434.000000,-4859.000000,-14443.000000
5274.000000,-4677.000000,-14052.000000
5138.000000,-4417.000000,-13602.000000
4914.000000,-4150.000000,-13131.000000
4505.000000,-3882.000000,-12527.000000
4050.000000,-3467.000000,-11655.000000
3720.000000,-2934.000000,-10580.000000
3425.000000,-2503.000000,-9455.000000
3079.000000,-2160.000000,-8336.000000
2670.000000,-1908.000000,-7227.000000
2312.000000,-1924.000000,-6277.000000
1978.000000,-2271.000000,-5906.000000
1447.000000,-2698.000000,-5767.000000
624.000000,-3097.000000,-5806.000000
-355.000000,-3386.000000,-6138.000000
-1271.000000,-3532.000000,-6637.000000
-1922.000000,-3507.000000,-6980.000000
-2290.000000,-3384.000000,-7098.000000
-2514.000000,-3343.000000,-7045.000000
-2899.000000,-3218.000000,-6897.000000
-3504.000000,-2857.000000,-6747.000000
-4203.000000,-2421.000000,-6658.000000
-4827.000000,-2394.000000,-6472.000000
-5579.000000,-3258.000000,-6143.000000
-6523.000000,-4788.000000,-5701.000000
-7261.000000,-6231.000000,-5003.000000
-7367.000000,-6849.000000,-4090.000000
-6923.000000,-6492.000000,-3032.000000
-6426.000000,-5598.000000,-1873.000000
-6581.000000,-4867.000000,-669.000000
-7308.000000,-4602.000000,399.000000
-7974.000000,-4243.000000,1267.000000
-7788.000000,-3398.000000,1811.000000
-6696.000000,-2233.000000,2053.000000
-5335.000000,-1341.000000,2281.000000
-4148.000000,-1059.000000,2624.000000
-3340.000000,-1255.000000,3159.000000
-2874.000000,-1383.000000,3937.000000
-2638.000000,-1143.000000,4888.000000
-2463.000000,-853.000000,5846.000000
-2297.000000,-501.000000,6731.000000
-1939.000000,276.000000,7350.000000
-1024.000000,1526.000000,7580.000000
144.000000,2686.000000,7555.000000
901.000000,3092.000000,7471.000000
1155.000000,2839.000000,7469.000000
1279.000000,2528.000000,7531.000000
1442.000000,2615.000000,7702.000000
1841.000000,3294.000000,8126.000000
2548.000000,4500.000000,8603.000000
3248.000000,5742.000000,8872.000000
3670.000000,6824.000000,8870.000000
3978.000000,7736.000000,8635.000000
4364.000000,8552.000000,8130.000000
4615.000000,9184.000000,7418.000000
4517.000000,9387.000000,6693.000000
4254.000000,9057.000000,6040.000000
4127.000000,8174.000000,5467.000000
4090.000000,6969.000000,4987.000000
4012.000000,5899.000000,4467.000000
3945.000000,5197.000000,3891.000000
3888.000000,4840.000000,3242.000000
3635.000000,4562.000000,2543.000000
3204.000000,4118.000000,1898.000000
2896.000000,3431.000000,1497.000000
2581.000000,2662.000000,1334.000000
2068.000000,1923.000000,1224.000000
1418.000000,1335.000000,997.000000
843.000000,894.000000,635.000000
434.000000,561.000000,205.000000
185.000000,297.000000,-217.000000
-82.000000,32.000000,-592.000000
-522.000000,-298.000000,-854.000000
-1083.000000,-722.000000,-990.000000
-1591.000000,-1132.000000,-1039.000000
-1999.000000,-1415.000000,-1051.000000
-2460.000000,-1628.000000,-1053.000000
-3014.000000,-1827.000000,-1028.000000
-3613.000000,-2101.000000,-991.000000
-4208.000000,-2444.000000,-882.000000
-4756.000000,-2742.000000,-718.000000
-5314.000000,-3051.000000,-508.000000
-5975.000000,-3535.000000,-251.000000
-6708.000000,-4229.000000,79.000000
-7410.000000,-5022.000000,461.000000
-8068.000000,-5716.000000,944.000000
-8718.000000,-6136.000000,1491.000000
-9421.000000,-6258.000000,2086.000000
-10100.000000,-6078.000000,2841.000000
-10713.000000,-5711.000000,3432.000000
-11370.000000,-5298.000000,3747.000000
-11797.000000,-5074.000000,4122.000000
-11967.000000,-4882.000000,4955.000000
-11988.000000,-4540.000000,6134.000000
-12031.000000,-4166.000000,7420.000000
-12445.000000,-3971.000000,8510.000000
-13326.000000,-4159.000000,9069.000000
-14031.000000,-4441.000000,9131.000000
-13809.000000,-4234.000000,8957.000000
-12479.000000,-3307.000000,8679.000000
-10470.000000,-1975.000000,8153.000000
-9207.000000,-1333.000000,7581.000000
-8441.000000,-1116.000000,6857.000000
-8018.000000,-1005.000000,6019.000000
-7526.000000,-800.000000,5114.000000
-6531.000000,-298.000000,4119.000000
-4954.000000,597.000000,3106.000000
-3230.000000,1586.000000,2165.000000
-1877.000000,2256.000000,1363.000000
-945.000000,2658.000000,723.000000
-119.000000,2987.000000,198.000000
706.000000,3390.000000,-215.000000
1314.000000,3723.000000,-534.000000
1677.000000,3901.000000,-818.000000
1879.000000,3880.000000,-1009.000000
1988.000000,3598.000000,-1211.000000
2035.000000,3210.000000,-1431.000000
2009.000000,2805.000000,-1663.000000
1965.000000,2437.000000,-1883.000000
1991.000000,2146.000000,-2116.000000
2080.000000,2011.000000,-2345.000000
2235.000000,2081.000000,-2576.000000
2395.000000,2252.000000,-2773.000000
2476.000000,2380.000000,-2892.000000
2450.000000,2468.000000,-2878.000000
2308.000000,2516.000000,-2783.000000
2105.000000,2493.000000,-2616.000000
1948.000000,2554.000000,-2468.000000
2016.000000,2850.000000,-2441.000000
2332.000000,3361.000000,-2511.000000
2640.000000,3778.000000,-2507.000000
2729.000000,4068.000000,-2400.000000
2769.000000,4538.000000,-2322.000000
2963.000000,5163.000000,-2270.000000
3176.000000,5570.000000,-2161.000000
3200.000000,5655.000000,-1990.000000
3091.000000,5571.000000,-1820.000000
