-855.000000,790.000000,-982.000000
-616.000000,1040.000000,-1004.000000
-82.000000,1586.000000,-1233.000000
240.000000,1642.000000,-1269.000000
607.000000,1822.000000,-1177.000000
825.000000,1830.000000,-882.000000
1131.000000,1401.000000,-799.000000
1584.000000,1170.000000,-591.000000
1828.000000,1187.000000,-202.000000
1929.000000,1374.000000,248.000000
2075.000000,1538.000000,710.000000
2220.000000,1575.000000,1145.000000
2269.000000,1488.000000,1580.000000
2234.000000,1363.000000,1952.000000
2009.000000,1205.000000,2266.000000
1794.000000,1089.000000,2537.000000
1992.000000,1263.000000,2632.000000
2032.000000,1066.000000,2984.000000
2111.000000,1153.000000,3320.000000
2281.000000,1504.000000,3536.000000
2188.000000,1607.000000,3660.000000
1920.000000,1637.000000,3755.000000
1763.000000,1741.000000,3838.000000
1839.000000,1789.000000,3925.000000
1979.000000,1776.000000,4117.000000
2038.000000,1674.000000,4411.000000
2033.000000,1547.000000,4764.000000
1874.000000,1489.000000,5119.000000
1694.000000,1559.000000,5399.000000
1559.000000,1724.000000,5640.000000
1442.000000,1890.000000,5869.000000
1217.000000,1960.000000,6126.000000
804.000000,1860.000000,6472.000000
379.000000,1597.000000,6878.000000
129.000000,1301.000000,7319.000000
46.000000,1060.000000,7806.000000
-5.000000,868.000000,8239.000000
-87.000000,747.000000,8504.000000
-183.000000,638.000000,8581.000000
-260.000000,459.000000,8583.000000
-404.000000,137.000000,8687.000000
-613.000000,-199.000000,8955.000000
-749.000000,-383.000000,9177.000000
-887.000000,-435.000000,9182.000000
-1048.000000,-453.000000,9010.000000
-1207.000000,-508.000000,8706.000000
-1517.000000,-698.000000,8320.000000
-2023.000000,-1020.000000,8020.000000
-2638.000000,-1425.000000,7957.000000
-3082.000000,-1734.000000,8097.000000
-3143.000000,-1746.000000,8268.000000
-2983.000000,-1414.000000,8277.000000
-2869.000000,-822.000000,8046.000000
-2915.000000,-273.000000,7632.000000
-3205.000000,-111.000000,7169.000000
-3761.000000,-369.000000,6812.000000
-4248.000000,-652.000000,6706.000000
-4385.000000,-829.000000,6789.000000
-4280.000000,-845.000000,6791.000000
-4076.000000,-660.000000,6532.000000
-3918.000000,-374.000000,6045.000000
-3908.000000,-247.000000,5436.000000
-4058.000000,-372.000000,4789.000000
-4424.000000,-732.000000,4222.000000
-4859.000000,-1104.000000,3914.000000
-5123.000000,-1204.000000,3841.000000
-5243.000000,-959.000000,3763.000000
-5098.000000,-418.000000,3423.000000
-4739.000000,157.000000,2835.000000
-4472.000000,465.000000,2166.000000
-4487.000000,387.000000,1614.000000
-4660.000000,125.000000,1188.000000
-4886.000000,-126.000000,824.000000
-5118.000000,-246.000000,551.000000
-5353.000000,-193.000000,358.000000
-5525.000000,98.000000,49.000000
-5525.000000,588.000000,-448.000000
-5533.000000,1096.000000,-988.000000
-5652.000000,1356.000000,-1454.000000
-5890.000000,1322.000000,-1848.000000
-6214.000000,1207.000000,-2151.000000
-6534.000000,1161.000000,-2389.000000
-6748.000000,1243.000000,-2608.000000
-6790.000000,1395.000000,-2813.000000
-6784.000000,1546.000000,-3074.000000
-6860.000000,1759.000000,-3438.000000
-6938.000000,2002.000000,-3868.000000
-6943.000000,2128.000000,-4285.000000
-6980.000000,2098.000000,-4688.000000
-6968.000000,1999.000000,-5184.000000
-6965.000000,1904.000000,-5580.000000
-7003.000000,1850.000000,-5975.000000
-6790.000000,2079.000000,-6372.000000
-6427.000000,2381.000000,-6630.000000
-6036.000000,2613.000000,-6851.000000
-5833.000000,2754.000000,-7117.000000
-5745.000000,2879.000000,-7404.000000
-5585.000000,2983.000000,-7675.000000
-5317.000000,3005.000000,-7904.000000
-4931.000000,2913.000000,-8125.000000
-4299.000000,2756.000000,-8304.000000
-3513.000000,2587.000000,-8549.000000
-2828.000000,2405.000000,-8846.000000
-2298.000000,2178.000000,-9098.000000
-1838.000000,1996.000000,-9262.000000
-1269.000000,1953.000000,-9332.000000
-670.000000,2032.000000,-9377.000000
-158.000000,2120.000000,-9435.000000
360.000000,2128.000000,-9468.000000
904.000000,2066.000000,-9484.000000
1417.000000,2004.000000,-9488.000000
1836.000000,1979.000000,-9414.000000
2279.000000,2027.000000,-9257.000000
2754.000000,2105.000000,-9097.000000
3135.000000,2141.000000,-8943.000000
3499.000000,2212.000000,-8806.000000
3833.000000,2361.000000,-8628.000000
4145.000000,2489.000000,-8382.000000
4440.000000,2557.000000,-8123.000000
4673.000000,2554.000000,-7771.000000
4893.000000,2516.000000,-7325.000000
5081.000000,2417.000000,-6841.000000
5283.000000,2243.000000,-6296.000000
5576.000000,2089.000000,-5748.000000
5932.000000,2023.000000,-5279.000000
6262.000000,1991.000000,-4853.000000
6572.000000,1986.000000,-4412.000000
6839.000000,2017.000000,-3956.000000
6996.000000,2084.000000,-3523.000000
7101.000000,2146.000000,-3136.000000
7147.000000,2156.000000,-2819.000000
7118.000000,2095.000000,-2451.000000
7095.000000,2048.000000,-2086.000000
7174.000000,2055.000000,-1771.000000
7227.000000,2109.000000,-1483.000000
7226.000000,2189.000000,-1190.000000
7094.000000,2268.000000,-859.000000
6928.000000,2334.000000,-479.000000
6788.000000,2399.000000,-90.000000
6728.000000,2461.000000,302.000000
6708.000000,2526.000000,658.000000
6603.000000,2581.000000,989.000000
6355.000000,2629.000000,1357.000000
6048.000000,2703.000000,1737.000000
5825.000000,2764.000000,2109.000000
5715.000000,2841.000000,2492.000000
5639.000000,2942.000000,2872.000000
5542.000000,2994.000000,3205.000000
5401.000000,2937.000000,3514.000000
5217.000000,2774.000000,3806.000000
5039.000000,2595.000000,4084.000000
4929.000000,2479.000000,4322.000000
4823.000000,2356.000000,4520.000000
4710.000000,2217.000000,4741.000000
4546.000000,2115.000000,4982.000000
4286.000000,2030.000000,5196.000000
4050.000000,1940.000000,5353.000000
3835.000000,1752.000000,5492.000000
3593.000000,1487.000000,5658.000000
3351.000000,1229.000000,5798.000000
3172.000000,991.000000,5871.000000
3062.000000,783.000000,5905.000000
2906.000000,573.000000,5920.000000
2631.000000,365.000000,5884.000000
2290.000000,262.000000,5778.000000
2000.000000,275.000000,5606.000000
1844.000000,367.000000,5369.000000
1797.000000,426.000000,5029.000000
1748.000000,411.000000,4577.000000
1611.000000,340.000000,4117.000000
1448.000000,265.000000,3744.000000
1325.000000,206.000000,3433.000000
1154.000000,184.000000,3160.000000
981.000000,231.000000,2912.000000
872.000000,344.000000,2631.000000
818.000000,462.000000,2311.000000
759.000000,486.000000,1996.000000
661.000000,462.000000,1713.000000
538.000000,407.000000,1467.000000
440.000000,300.000000,1279.000000
360.000000,251.000000,1125.000000
284.000000,248.000000,986.000000
181.000000,243.000000,847.000000
40.000000,245.000000,711.000000
-86.000000,292.000000,598.000000
-171.000000,421.000000,537.000000
-259.000000,516.000000,495.000000
-346.000000,484.000000,431.000000
-395.000000,377.000000,330.000000
-459.000000,292.000000,228.000000
-510.000000,291.000000,141.000000
-530.000000,378.000000,81.000000
-544.000000,478.000000,41.000000
-568.000000,503.000000,5.000000
-595.000000,488.000000,-57.000000
-616.000000,475.000000,-131.000000
-621.000000,446.000000,-183.000000
-605.000000,414.000000,-209.000000
-573.000000,396.000000,-217.000000
-550.000000,396.000000,-222.000000
