-182.000000,107.000000,-234.000000
-266.000000,23.000000,-173.000000
-380.000000,-58.000000,-69.000000
-483.000000,-77.000000,47.000000
-576.000000,-41.000000,151.000000
-731.000000,-31.000000,196.000000
-953.000000,-77.000000,208.000000
-1173.000000,-151.000000,225.000000
-1400.000000,-245.000000,258.000000
-1627.000000,-320.000000,304.000000
-1838.000000,-301.000000,389.000000
-2189.000000,-365.000000,473.000000
-2682.000000,-617.000000,532.000000
-3174.000000,-986.000000,681.000000
-3637.000000,-1353.000000,985.000000
-4125.000000,-1695.000000,1447.000000
-4612.000000,-2025.000000,2016.000000
-5081.000000,-2329.000000,2596.000000
-5528.000000,-2495.000000,3088.000000
-5742.000000,-2385.000000,3487.000000
-5782.000000,-2115.000000,3830.000000
-5843.000000,-1876.000000,4122.000000
-6010.000000,-1852.000000,4396.000000
-6193.000000,-2008.000000,4695.000000
-6338.000000,-2319.000000,5067.000000
-6397.000000,-2642.000000,5521.000000
-6492.000000,-2996.000000,6053.000000
-6563.000000,-3229.000000,6639.000000
-6563.000000,-3067.000000,7163.000000
-6565.000000,-2433.000000,7565.000000
-6536.000000,-1517.000000,7955.000000
-6422.000000,-588.000000,8376.000000
-6249.000000,84.000000,8811.000000
-6050.000000,433.000000,9205.000000
-5817.000000,408.000000,9561.000000
-5520.000000,78.000000,9847.000000
-5175.000000,-393.000000,10050.000000
-4675.000000,-752.000000,10145.000000
-3973.000000,-874.000000,10046.000000
-3198.000000,-867.000000,9751.000000
-2387.000000,-693.000000,9394.000000
-2025.000000,-269.000000,9353.000000
-1533.000000,88.000000,9383.000000
-997.000000,-57.000000,9380.000000
-718.000000,-254.000000,9461.000000
-280.000000,-494.000000,9823.000000
138.000000,-514.000000,10111.000000
450.000000,-245.000000,9966.000000
889.000000,-44.000000,9518.000000
1286.000000,26.000000,8999.000000
1524.000000,-146.000000,8583.000000
1709.000000,-599.000000,8304.000000
1955.000000,-1141.000000,8193.000000
2310.000000,-1554.000000,8170.000000
2699.000000,-1651.000000,8028.000000
2948.000000,-1468.000000,7691.000000
3147.000000,-1057.000000,7216.000000
3302.000000,-692.000000,6630.000000
3451.000000,-434.000000,6009.000000
3574.000000,-314.000000,5565.000000
3846.000000,-430.000000,5477.000000
4231.000000,-419.000000,5507.000000
4482.000000,-407.000000,5370.000000
4806.000000,-397.000000,5104.000000
5073.000000,-352.000000,4744.000000
5625.000000,-542.000000,3901.000000
6164.000000,-1317.000000,3337.000000
5789.000000,-1690.000000,3535.000000
5479.000000,-1543.000000,3139.000000
6136.000000,-1540.000000,1966.000000
6660.000000,-1385.000000,1161.000000
6669.000000,-1349.000000,924.000000
6668.000000,-1618.000000,643.000000
6683.000000,-2021.000000,95.000000
6786.000000,-2342.000000,-504.000000
6841.000000,-2584.000000,-948.000000
6913.000000,-2832.000000,-1236.000000
7067.000000,-3059.000000,-1479.000000
7335.000000,-3248.000000,-1830.000000
7683.000000,-3443.000000,-2421.000000
8069.000000,-3631.000000,-3204.000000
8373.000000,-3900.000000,-4091.000000
8571.000000,-4262.000000,-4969.000000
8726.000000,-4503.000000,-5721.000000
8752.000000,-4556.000000,-6229.000000
8722.000000,-4496.000000,-6616.000000
8706.000000,-4300.000000,-6980.000000
8680.000000,-4072.000000,-7303.000000
8641.000000,-3921.000000,-7584.000000
8532.000000,-3888.000000,-7847.000000
8401.000000,-3906.000000,-8113.000000
8329.000000,-3922.000000,-8337.000000
8246.000000,-3973.000000,-8528.000000
8044.000000,-3944.000000,-8681.000000
7637.000000,-3791.000000,-8728.000000
7118.000000,-3506.000000,-8637.000000
6606.000000,-3294.000000,-8492.000000
6075.000000,-3214.000000,-8342.000000
5485.000000,-3187.000000,-8198.000000
4865.000000,-3193.000000,-8090.000000
4285.000000,-3142.000000,-8027.000000
3754.000000,-3028.000000,-8036.000000
3224.000000,-2933.000000,-8112.000000
2696.000000,-2864.000000,-8134.000000
2135.000000,-2768.000000,-8061.000000
1486.000000,-2627.000000,-7915.000000
796.000000,-2479.000000,-7682.000000
60.000000,-2426.000000,-7377.000000
-553.000000,-2448.000000,-7075.000000
-920.000000,-2441.000000,-6845.000000
-1110.000000,-2362.000000,-6725.000000
-1274.000000,-2242.000000,-6796.000000
-1531.000000,-2180.000000,-6896.000000
-1889.000000,-2192.000000,-6898.000000
-2339.000000,-2247.000000,-6751.000000
-2829.000000,-2321.000000,-6431.000000
-3294.000000,-2389.000000,-6020.000000
-3610.000000,-2360.000000,-5593.000000
-3824.000000,-2346.000000,-5193.000000
-4057.000000,-2400.000000,-4887.000000
-4277.000000,-2461.000000,-4676.000000
-4471.000000,-2535.000000,-4559.000000
-4671.000000,-2531.000000,-4481.000000
-4842.000000,-2408.000000,-4373.000000
-5006.000000,-2250.000000,-4151.000000
-5358.000000,-2225.000000,-3857.000000
-5858.000000,-2335.000000,-3490.000000
-6275.000000,-2396.000000,-3081.000000
-6644.000000,-2376.000000,-2637.000000
-7086.000000,-2365.000000,-2176.000000
-7527.000000,-2237.000000,-1718.000000
-7929.000000,-2001.000000,-1330.000000
-8300.000000,-1695.000000,-1062.000000
-8517.000000,-1233.000000,-883.000000
-8572.000000,-889.000000,-766.000000
-8559.000000,-587.000000,-553.000000
-8601.000000,-551.000000,-208.000000
-8694.000000,-816.000000,260.000000
-8762.000000,-1153.000000,812.000000
-8708.000000,-1295.000000,1423.000000
-8530.000000,-1205.000000,2062.000000
-8375.000000,-1026.000000,2559.000000
-8428.000000,-873.000000,2777.000000
-8504.000000,-757.000000,2762.000000
-8526.000000,-714.000000,2735.000000
-8562.000000,-934.000000,2866.000000
-8607.000000,-1261.000000,3276.000000
-8557.000000,-1289.000000,3870.000000
-8415.000000,-1001.000000,4435.000000
-8205.000000,-565.000000,4821.000000
-7927.000000,-128.000000,4952.000000
-7656.000000,164.000000,4799.000000
-7487.000000,189.000000,4521.000000
-7293.000000,22.000000,4313.000000
-6974.000000,-16.000000,4248.000000
-6612.000000,151.000000,4208.000000
-6197.000000,466.000000,4182.000000
-5780.000000,823.000000,4134.000000
-5499.000000,996.000000,4045.000000
-5286.000000,864.000000,4067.000000
-4986.000000,713.000000,4271.000000
-4578.000000,713.000000,4477.000000
-4020.000000,888.000000,4563.000000
-3429.000000,1103.000000,4528.000000
-2861.000000,1320.000000,4420.000000
-2354.000000,1469.000000,4206.000000
-1976.000000,1461.000000,3913.000000
-1713.000000,1315.000000,3720.000000
-1444.000000,1195.000000,3673.000000
-1144.000000,1201.000000,3736.000000
-924.000000,1173.000000,3854.000000
-769.000000,1148.000000,3881.000000
-605.000000,1088.000000,3789.000000
-537.000000,975.000000,3603.000000
-652.000000,771.000000,3432.000000
-785.000000,470.000000,3346.000000
-717.000000,122.000000,3313.000000
-479.000000,-105.000000,3211.000000
-322.000000,-90.000000,3089.000000
-22.000000,16.000000,2770.000000
191.000000,76.000000,2364.000000
309.000000,227.000000,1942.000000
534.000000,352.000000,1586.000000
769.000000,405.000000,1326.000000
949.000000,431.000000,1153.000000
958.000000,470.000000,1026.000000
911.000000,484.000000,820.000000
979.000000,562.000000,469.000000
1201.000000,683.000000,76.000000
1473.000000,844.000000,-272.000000
1717.000000,999.000000,-594.000000
1814.000000,999.000000,-890.000000
1794.000000,851.000000,-1160.000000
1722.000000,639.000000,-1334.000000
1645.000000,426.000000,-1422.000000
1581.000000,301.000000,-1487.000000
1515.000000,247.000000,-1556.000000
1415.000000,266.000000,-1571.000000
1239.000000,310.000000,-1570.000000
1007.000000,280.000000,-1617.000000
