915.000000,-108.000000,239.000000
996.000000,-73.000000,311.000000
1134.000000,-32.000000,432.000000
1351.000000,-12.000000,572.000000
1642.000000,-6.000000,671.000000
1871.000000,-110.000000,719.000000
2024.000000,-265.000000,767.000000
2168.000000,-440.000000,812.000000
2402.000000,-569.000000,823.000000
2693.000000,-674.000000,792.000000
3015.000000,-802.000000,771.000000
3358.000000,-987.000000,833.000000
3673.000000,-1160.000000,976.000000
3954.000000,-1247.000000,1076.000000
4244.000000,-1278.000000,1011.000000
4506.000000,-1204.000000,755.000000
4743.000000,-1125.000000,364.000000
4807.000000,-1159.000000,-55.000000
4852.000000,-1319.000000,-300.000000
5021.000000,-1500.000000,-343.000000
5357.000000,-1484.000000,-353.000000
5823.000000,-1361.000000,-506.000000
6225.000000,-1322.000000,-745.000000
6433.000000,-1314.000000,-1093.000000
6496.000000,-1322.000000,-1492.000000
6501.000000,-1292.000000,-1820.000000
6465.000000,-1138.000000,-2057.000000
6412.000000,-890.000000,-2317.000000
6374.000000,-649.000000,-2606.000000
6338.000000,-432.000000,-2865.000000
6235.000000,-307.000000,-3128.000000
6066.000000,-344.000000,-3329.000000
6032.000000,-369.000000,-3534.000000
6141.000000,-292.000000,-3787.000000
6232.000000,-141.000000,-4152.000000
6232.000000,-12.000000,-4637.000000
6220.000000,30.000000,-5070.000000
6157.000000,-45.000000,-5362.000000
6041.000000,-135.000000,-5508.000000
5981.000000,-191.000000,-5605.000000
5937.000000,-222.000000,-5747.000000
5928.000000,-294.000000,-5940.000000
5901.000000,-583.000000,-6148.000000
5738.000000,-1026.000000,-6388.000000
5525.000000,-1443.000000,-6659.000000
5304.000000,-1725.000000,-6912.000000
5031.000000,-1947.000000,-7068.000000
4693.000000,-2074.000000,-7146.000000
4271.000000,-2110.000000,-7448.000000
3840.000000,-2100.000000,-7404.000000
3310.000000,-2041.000000,-7463.000000
2775.000000,-1825.000000,-7504.000000
2237.000000,-1668.000000,-7463.000000
1690.000000,-1578.000000,-7336.000000
1217.000000,-1503.000000,-7136.000000
819.000000,-1484.000000,-6835.000000
370.000000,-1634.000000,-6523.000000
-77.000000,-1935.000000,-6249.000000
-469.000000,-2361.000000,-5977.000000
-856.000000,-2704.000000,-5752.000000
-1126.000000,-2861.000000,-5681.000000
-1399.000000,-2958.000000,-5690.000000
-1793.000000,-3052.000000,-5651.000000
-2117.000000,-3079.000000,-5465.000000
-2345.000000,-3119.000000,-5194.000000
-2551.000000,-3296.000000,-4925.000000
-2847.000000,-3627.000000,-4640.000000
-3204.000000,-4006.000000,-4374.000000
-3507.000000,-4296.000000,-4127.000000
-3791.000000,-4443.000000,-3937.000000
-3983.000000,-4316.000000,-3822.000000
-4093.000000,-4087.000000,-3721.000000
-4317.000000,-3903.000000,-3560.000000
-4626.000000,-3842.000000,-3329.000000
-4927.000000,-3939.000000,-3035.000000
-5248.000000,-4102.000000,-2674.000000
-5742.000000,-4231.000000,-2239.000000
-6500.000000,-4427.000000,-1731.000000
-7111.000000,-4399.000000,-1277.000000
-7395.000000,-4092.000000,-883.000000
-7612.000000,-3814.000000,-560.000000
-7797.000000,-3654.000000,-341.000000
-7988.000000,-3608.000000,-189.000000
-8221.000000,-3611.000000,-57.000000
-8397.000000,-3590.000000,164.000000
-8567.000000,-3627.000000,503.000000
-8856.000000,-3723.000000,949.000000
-9183.000000,-3694.000000,1415.000000
-9319.000000,-3350.000000,1796.000000
-9349.000000,-2905.000000,2029.000000
-9377.000000,-2585.000000,2164.000000
-9394.000000,-2377.000000,2299.000000
-9434.000000,-2296.000000,2521.000000
-9500.000000,-2332.000000,2883.000000
-9803.000000,-2515.000000,3487.000000
-10043.000000,-2418.000000,4187.000000
-9906.000000,-1762.000000,4727.000000
-9420.000000,-846.000000,5025.000000
-8784.000000,-119.000000,5102.000000
-8170.000000,176.000000,5085.000000
-7631.000000,86.000000,5117.000000
-7266.000000,-330.000000,5212.000000
-7094.000000,-1030.000000,5548.000000
-7071.000000,-1533.000000,6276.000000
-6909.000000,-1376.000000,7073.000000
-6376.000000,-757.000000,7535.000000
-5656.000000,-222.000000,7659.000000
-5030.000000,-98.000000,7613.000000
-4499.000000,-383.000000,7521.000000
-4110.000000,-965.000000,7618.000000
-3849.000000,-1537.000000,7922.000000
-3719.000000,-1958.000000,8376.000000
-3572.000000,-2137.000000,8859.000000
-3270.000000,-2021.000000,9217.000000
-3042.000000,-1853.000000,9442.000000
-2832.000000,-1715.000000,9564.000000
-2732.000000,-1590.000000,9660.000000
-2435.000000,-1190.000000,9774.000000
-2033.000000,-666.000000,9833.000000
-1576.000000,-189.000000,9918.000000
-1165.000000,299.000000,10074.000000
-485.000000,643.000000,10082.000000
510.000000,757.000000,9903.000000
848.000000,266.000000,9682.000000
1151.000000,-153.000000,9237.000000
1471.000000,-361.000000,8863.000000
1762.000000,-561.000000,8778.000000
2317.000000,-609.000000,8759.000000
2952.000000,-503.000000,8572.000000
3606.000000,-434.000000,8268.000000
3952.000000,-497.000000,7896.000000
4153.000000,-503.000000,7581.000000
4472.000000,-303.000000,7302.000000
4536.000000,-178.000000,7092.000000
4323.000000,-150.000000,7058.000000
4183.000000,32.000000,7043.000000
4260.000000,418.000000,6818.000000
4460.000000,753.000000,6418.000000
4769.000000,861.000000,5993.000000
4943.000000,721.000000,5390.000000
4833.000000,398.000000,4980.000000
5085.000000,318.000000,4419.000000
5493.000000,385.000000,3907.000000
5891.000000,486.000000,3546.000000
6098.000000,335.000000,3147.000000
6265.000000,127.000000,2695.000000
6554.000000,23.000000,2253.000000
6738.000000,-48.000000,1809.000000
6747.000000,-165.000000,1396.000000
6737.000000,-246.000000,1073.000000
6657.000000,-293.000000,753.000000
6525.000000,-356.000000,405.000000
6479.000000,-324.000000,1.000000
6547.000000,-175.000000,-454.000000
6600.000000,91.000000,-950.000000
6665.000000,430.000000,-1454.000000
6768.000000,706.000000,-1939.000000
6919.000000,811.000000,-2383.000000
7006.000000,711.000000,-2666.000000
7045.000000,517.000000,-2803.000000
7050.000000,379.000000,-2854.000000
6992.000000,318.000000,-2854.000000
6800.000000,390.000000,-2766.000000
6478.000000,543.000000,-2627.000000
6118.000000,706.000000,-2487.000000
5736.000000,860.000000,-2356.000000
5345.000000,1000.000000,-2245.000000
4985.000000,1090.000000,-2140.000000
4616.000000,1101.000000,-1999.000000
4244.000000,1058.000000,-1862.000000
3944.000000,945.000000,-1763.000000
3673.000000,794.000000,-1654.000000
3457.000000,694.000000,-1490.000000
3295.000000,634.000000,-1283.000000
3095.000000,559.000000,-1064.000000
2862.000000,518.000000,-865.000000
2603.000000,547.000000,-737.000000
2379.000000,642.000000,-741.000000
2161.000000,742.000000,-755.000000
2055.000000,752.000000,-771.000000
1928.000000,671.000000,-736.000000
1787.000000,585.000000,-630.000000
1639.000000,491.000000,-471.000000
1447.000000,493.000000,-304.000000
1217.000000,470.000000,-164.000000
1028.000000,386.000000,-82.000000
836.000000,421.000000,-88.000000
658.000000,489.000000,-95.000000
541.000000,540.000000,-134.000000
559.000000,607.000000,-215.000000
573.000000,698.000000,-288.000000
396.000000,665.000000,-331.000000
244.000000,595.000000,-288.000000
188.000000,588.000000,-203.000000
195.000000,614.000000,-164.000000
169.000000,605.000000,-198.000000
130.000000,568.000000,-253.000000
110.000000,522.000000,-303.000000
55.000000,494.000000,-333.000000
-2.000000,475.000000,-310.000000
