-391.000000,451.000000,599.000000
-457.000000,123.000000,679.000000
-411.000000,182.000000,823.000000
-424.000000,181.000000,998.000000
-423.000000,190.000000,1176.000000
-439.000000,296.000000,1374.000000
-492.000000,293.000000,1673.000000
-529.000000,328.000000,2060.000000
-544.000000,366.000000,2460.000000
-605.000000,248.000000,2788.000000
-830.000000,-71.000000,3111.000000
-1175.000000,-448.000000,3524.000000
-1497.000000,-706.000000,3980.000000
-1730.000000,-706.000000,4428.000000
-1933.000000,-500.000000,4806.000000
-2101.000000,-387.000000,5137.000000
-2200.000000,-460.000000,5343.000000
-2410.000000,-686.000000,5482.000000
-2701.000000,-998.000000,5678.000000
-3131.000000,-1337.000000,6043.000000
-3620.000000,-1655.000000,6496.000000
-3959.000000,-1885.000000,6799.000000
-4086.000000,-2005.000000,6905.000000
-4087.000000,-2004.000000,6915.000000
-4052.000000,-1896.000000,6804.000000
-4240.000000,-1804.000000,6563.000000
-4732.000000,-1894.000000,6408.000000
-5310.000000,-2051.000000,6531.000000
-5694.000000,-2124.000000,6741.000000
-5747.000000,-2014.000000,6816.000000
-5613.000000,-1788.000000,6649.000000
-5512.000000,-1533.000000,6192.000000
-5488.000000,-1252.000000,5487.000000
-5587.000000,-1052.000000,4692.000000
-5885.000000,-1113.000000,4023.000000
-6287.000000,-1485.000000,3653.000000
-6556.000000,-1826.000000,3643.000000
-6608.000000,-1870.000000,3685.000000
-6566.000000,-1607.000000,3461.000000
-6590.000000,-1121.000000,2864.000000
-6794.000000,-559.000000,2031.000000
-7108.000000,-4.000000,1199.000000
-7267.000000,280.000000,396.000000
-7710.000000,433.000000,121.000000
-8255.000000,501.000000,60.000000
-8596.000000,716.000000,-144.000000
-8674.000000,911.000000,-577.000000
-8651.000000,973.000000,-1185.000000
-8436.000000,801.000000,-1848.000000
-8228.000000,460.000000,-2505.000000
-8399.000000,208.000000,-2852.000000
-8604.000000,89.000000,-3189.000000
-8673.000000,189.000000,-3626.000000
-8420.000000,344.000000,-4120.000000
-8121.000000,396.000000,-4683.000000
-8013.000000,368.000000,-5320.000000
-7939.000000,336.000000,-5958.000000
-7839.000000,359.000000,-6558.000000
-7692.000000,428.000000,-7142.000000
-7496.000000,502.000000,-7658.000000
-7186.000000,552.000000,-8087.000000
-6822.000000,636.000000,-8444.000000
-6361.000000,753.000000,-8828.000000
-5957.000000,773.000000,-9179.000000
-5784.000000,268.000000,-9381.000000
-5839.000000,103.000000,-9592.000000
-5717.000000,309.000000,-9881.000000
-5154.000000,742.000000,-10013.000000
-4415.000000,1177.000000,-10115.000000
-3816.000000,1574.000000,-10246.000000
-3457.000000,1827.000000,-10365.000000
-3121.000000,2132.000000,-10503.000000
-2543.000000,2527.000000,-10655.000000
-1956.000000,2987.000000,-10753.000000
-1562.000000,3354.000000,-10797.000000
-1050.000000,3535.000000,-10746.000000
-402.000000,3518.000000,-10573.000000
383.000000,3437.000000,-10337.000000
1062.000000,3367.000000,-10204.000000
1572.000000,3330.000000,-10156.000000
2138.000000,3449.000000,-10118.000000
2760.000000,3717.000000,-9998.000000
3410.000000,4050.000000,-9710.000000
3974.000000,4261.000000,-9284.000000
4401.000000,4362.000000,-8773.000000
4705.000000,4490.000000,-8270.000000
4996.000000,4724.000000,-7752.000000
5330.000000,5045.000000,-7159.000000
5729.000000,5259.000000,-6467.000000
6195.000000,5339.000000,-5744.000000
6738.000000,5231.000000,-5066.000000
7193.000000,5038.000000,-4392.000000
7642.000000,4794.000000,-3841.000000
8000.000000,4473.000000,-3434.000000
8226.000000,4095.000000,-3035.000000
8447.000000,3747.000000,-2639.000000
8621.000000,3466.000000,-2283.000000
8693.000000,3289.000000,-1917.000000
8744.000000,3214.000000,-1495.000000
8888.000000,3254.000000,-1033.000000
8975.000000,3416.000000,-563.000000
8871.000000,3574.000000,-35.000000
8792.000000,3741.000000,564.000000
8862.000000,3891.000000,1122.000000
8772.000000,3888.000000,1538.000000
8536.000000,3720.000000,1844.000000
8265.000000,3528.000000,2039.000000
7965.000000,3322.000000,2173.000000
7670.000000,3178.000000,2375.000000
7418.000000,3213.000000,2597.000000
7157.000000,3420.000000,2768.000000
6969.000000,3722.000000,2957.000000
6779.000000,4040.000000,3246.000000
6552.000000,4176.000000,3612.000000
6317.000000,4063.000000,4011.000000
6156.000000,3828.000000,4449.000000
6055.000000,3587.000000,4876.000000
5965.000000,3404.000000,5260.000000
5845.000000,3228.000000,5570.000000
5691.000000,3013.000000,5791.000000
5544.000000,2816.000000,5935.000000
5351.000000,2663.000000,6098.000000
5146.000000,2485.000000,6320.000000
5059.000000,2329.000000,6515.000000
5013.000000,2220.000000,6716.000000
4911.000000,2179.000000,6939.000000
4690.000000,2153.000000,7082.000000
4327.000000,2020.000000,7166.000000
3914.000000,1790.000000,7222.000000
3686.000000,1594.000000,7208.000000
3529.000000,1307.000000,7166.000000
3426.000000,1058.000000,7168.000000
3381.000000,1008.000000,7207.000000
3242.000000,1233.000000,7227.000000
3038.000000,1427.000000,7218.000000
2759.000000,1416.000000,7236.000000
2471.000000,1238.000000,7238.000000
2160.000000,1032.000000,7135.000000
1819.000000,855.000000,6956.000000
1461.000000,841.000000,6757.000000
1183.000000,991.000000,6531.000000
973.000000,1147.000000,6247.000000
803.000000,1215.000000,5910.000000
706.000000,1220.000000,5507.000000
476.000000,1108.000000,5099.000000
142.000000,990.000000,4731.000000
-51.000000,936.000000,4443.000000
-26.000000,930.000000,4157.000000
64.000000,949.000000,3880.000000
-22.000000,896.000000,3613.000000
-281.000000,757.000000,3381.000000
-471.000000,667.000000,3186.000000
-414.000000,730.000000,2906.000000
-263.000000,915.000000,2478.000000
-169.000000,1060.000000,1956.000000
-165.000000,1030.000000,1516.000000
-217.000000,845.000000,1238.000000
-345.000000,636.000000,1069.000000
-454.000000,557.000000,867.000000
-540.000000,509.000000,621.000000
-534.000000,550.000000,392.000000
-502.000000,616.000000,187.000000
-266.000000,568.000000,6.000000
-819.000000,688.000000,-51.000000
-917.000000,633.000000,-159.000000
-569.000000,657.000000,-91.000000
-270.000000,587.000000,-51.000000
-171.000000,480.000000,-31.000000
-209.000000,475.000000,-51.000000
-319.000000,562.000000,-117.000000
-391.000000,721.000000,-208.000000
-437.000000,890.000000,-284.000000
-475.000000,1048.000000,-304.000000
-499.000000,1131.000000,-315.000000
-446.000000,1176.000000,-360.000000
-339.000000,1203.000000,-447.000000
-235.000000,1202.000000,-543.000000
-166.000000,1147.000000,-639.000000
-134.000000,1015.000000,-707.000000
-81.000000,838.000000,-733.000000
17.000000,674.000000,-717.000000
101.000000,542.000000,-679.000000
134.000000,439.000000,-640.000000
128.000000,393.000000,-575.000000
110.000000,387.000000,-492.000000
81.000000,393.000000,-420.000000
30.000000,374.000000,-381.000000
-45.000000,333.000000,-368.000000
-113.000000,277.000000,-351.000000
-129.000000,244.000000,-322.000000
-105.000000,242.000000,-273.000000
-81.000000,265.000000,-191.000000
-81.000000,305.000000,-125.000000
-127.000000,334.000000,-91.000000
-156.000000,371.000000,-107.000000
-126.000000,390.000000,-169.000000
-85.000000,337.000000,-221.000000
-103.000000,238.000000,-215.000000
-114.000000,118.000000,-157.000000
-90.000000,33.000000,-87.000000
