-1238.000000,356.000000,-591.000000
-1390.000000,333.000000,-678.000000
-1537.000000,287.000000,-752.000000
-1558.000000,281.000000,-794.000000
-1467.000000,222.000000,-843.000000
-1279.000000,102.000000,-922.000000
-1166.000000,-131.000000,-991.000000
-1091.000000,-338.000000,-1040.000000
-884.000000,-401.000000,-1043.000000
-630.000000,-501.000000,-973.000000
-408.000000,-568.000000,-916.000000
-198.000000,-466.000000,-975.000000
143.000000,-181.000000,-1103.000000
697.000000,56.000000,-1156.000000
1412.000000,92.000000,-1047.000000
2212.000000,-68.000000,-822.000000
2997.000000,-404.000000,-549.000000
3660.000000,-754.000000,-260.000000
4176.000000,-931.000000,42.000000
4610.000000,-903.000000,357.000000
4971.000000,-830.000000,619.000000
5304.000000,-745.000000,770.000000
5670.000000,-678.000000,906.000000
6001.000000,-615.000000,1074.000000
6249.000000,-572.000000,1324.000000
6543.000000,-512.000000,1703.000000
6916.000000,-501.000000,2163.000000
7245.000000,-564.000000,2613.000000
7594.000000,-590.000000,3009.000000
7924.000000,-511.000000,3291.000000
8214.000000,-360.000000,3476.000000
8358.000000,-227.000000,3691.000000
8343.000000,-153.000000,4000.000000
8349.000000,-6.000000,4349.000000
8401.000000,151.000000,4597.000000
8426.000000,239.000000,4718.000000
8403.000000,296.000000,4734.000000
8304.000000,320.000000,4768.000000
8147.000000,285.000000,4995.000000
7999.000000,296.000000,5287.000000
7763.000000,330.000000,5641.000000
7412.000000,310.000000,6036.000000
7082.000000,305.000000,6390.000000
6733.000000,293.000000,6694.000000
6229.000000,237.000000,6917.000000
5716.000000,241.000000,7075.000000
5296.000000,294.000000,7168.000000
4883.000000,438.000000,7205.000000
4458.000000,629.000000,7214.000000
4003.000000,734.000000,7299.000000
3433.000000,588.000000,7459.000000
2770.000000,242.000000,7623.000000
2264.000000,-40.000000,7801.000000
1980.000000,-84.000000,7999.000000
1674.000000,-29.000000,8149.000000
1285.000000,112.000000,8177.000000
828.000000,298.000000,8157.000000
255.000000,357.000000,8233.000000
-273.000000,382.000000,8437.000000
-747.000000,444.000000,8640.000000
-1153.000000,661.000000,8705.000000
-1552.000000,864.000000,8701.000000
-1923.000000,1056.000000,8631.000000
-2334.000000,1161.000000,8505.000000
-2829.000000,1161.000000,8440.000000
-3380.000000,1020.000000,8334.000000
-3848.000000,981.000000,8067.000000
-4117.000000,1015.000000,7828.000000
-4311.000000,1160.000000,7671.000000
-4578.000000,1452.000000,7556.000000
-4908.000000,1695.000000,7415.000000
-5271.000000,1693.000000,7240.000000
-5635.000000,1572.000000,7122.000000
-5873.000000,1398.000000,7030.000000
-5814.000000,1438.000000,6853.000000
-5636.000000,1658.000000,6547.000000
-5525.000000,2091.000000,6080.000000
-5604.000000,2697.000000,5554.000000
-5887.000000,3213.000000,5079.000000
-6241.000000,3341.000000,4719.000000
-6579.000000,3153.000000,4578.000000
-6825.000000,2828.000000,4624.000000
-6950.000000,2556.000000,4574.000000
-6997.000000,2604.000000,4304.000000
-7012.000000,3138.000000,3822.000000
-7043.000000,3968.000000,3244.000000
-7096.000000,4725.000000,2652.000000
-7317.000000,4940.000000,2174.000000
-7627.000000,4545.000000,1928.000000
-7785.000000,4239.000000,1848.000000
-7757.000000,4369.000000,1719.000000
-7673.000000,4783.000000,1384.000000
-7621.000000,5186.000000,939.000000
-7571.000000,5396.000000,471.000000
-7566.000000,5395.000000,63.000000
-7666.000000,5157.000000,-261.000000
-8157.000000,5023.000000,-231.000000
-8595.000000,5007.000000,-179.000000
-8681.000000,5306.000000,-250.000000
-8528.000000,5843.000000,-393.000000
-8408.000000,6479.000000,-649.000000
-8055.000000,6631.000000,-988.000000
-7473.000000,6358.000000,-1531.000000
-6797.000000,5936.000000,-2421.000000
-6254.000000,5351.000000,-3524.000000
-5857.000000,4838.000000,-4540.000000
-5560.000000,4678.000000,-5219.000000
-5420.000000,4780.000000,-5579.000000
-5126.000000,5147.000000,-5776.000000
-4830.000000,5473.000000,-5889.000000
-4685.000000,5510.000000,-5948.000000
-4642.000000,5201.000000,-6029.000000
-4477.000000,4674.000000,-6178.000000
-4226.000000,4072.000000,-6427.000000
-4047.000000,3475.000000,-6779.000000
-3861.000000,3010.000000,-7218.000000
-3578.000000,2795.000000,-7570.000000
-3239.000000,2851.000000,-7648.000000
-2869.000000,2922.000000,-7342.000000
-2251.000000,2836.000000,-6921.000000
-1148.000000,2358.000000,-6960.000000
-746.000000,2341.000000,-7491.000000
-1104.000000,2846.000000,-7882.000000
-1010.000000,2920.000000,-7869.000000
-504.000000,2587.000000,-7652.000000
-193.000000,2044.000000,-7434.000000
28.000000,1755.000000,-7212.000000
563.000000,1597.000000,-7095.000000
1404.000000,1419.000000,-7221.000000
2350.000000,1187.000000,-7493.000000
3142.000000,706.000000,-7645.000000
3431.000000,275.000000,-7617.000000
3654.000000,3.000000,-7490.000000
4005.000000,-86.000000,-7295.000000
4330.000000,-2.000000,-6989.000000
4468.000000,103.000000,-6586.000000
4508.000000,143.000000,-6203.000000
4616.000000,211.000000,-5924.000000
4859.000000,330.000000,-5663.000000
5167.000000,418.000000,-5398.000000
5468.000000,495.000000,-5144.000000
5741.000000,559.000000,-4914.000000
5989.000000,604.000000,-4709.000000
6193.000000,556.000000,-4550.000000
6335.000000,492.000000,-4443.000000
6455.000000,408.000000,-4317.000000
6561.000000,312.000000,-4186.000000
6586.000000,199.000000,-4081.000000
6614.000000,87.000000,-3940.000000
6692.000000,-45.000000,-3739.000000
6841.000000,-146.000000,-3522.000000
6973.000000,-184.000000,-3321.000000
6999.000000,-182.000000,-3145.000000
7022.000000,-156.000000,-2958.000000
7072.000000,-96.000000,-2726.000000
7245.000000,27.000000,-2509.000000
7357.000000,133.000000,-2331.000000
7288.000000,187.000000,-2140.000000
7164.000000,299.000000,-1870.000000
6995.000000,473.000000,-1496.000000
6693.000000,569.000000,-1010.000000
6396.000000,650.000000,-486.000000
6177.000000,746.000000,-62.000000
5967.000000,851.000000,233.000000
5747.000000,874.000000,389.000000
5547.000000,863.000000,443.000000
5356.000000,859.000000,493.000000
5035.000000,731.000000,667.000000
4685.000000,667.000000,906.000000
4451.000000,805.000000,1129.000000
4293.000000,1011.000000,1307.000000
4106.000000,1108.000000,1490.000000
3945.000000,1015.000000,1628.000000
3782.000000,819.000000,1770.000000
3626.000000,539.000000,1891.000000
3521.000000,323.000000,2011.000000
3366.000000,151.000000,2025.000000
3239.000000,79.000000,1856.000000
3064.000000,34.000000,1533.000000
2872.000000,7.000000,1316.000000
2653.000000,-67.000000,1198.000000
2519.000000,-140.000000,1207.000000
2394.000000,-130.000000,1207.000000
2158.000000,64.000000,1139.000000
1905.000000,361.000000,1025.000000
1662.000000,572.000000,942.000000
1460.000000,530.000000,931.000000
1279.000000,324.000000,950.000000
1088.000000,135.000000,925.000000
915.000000,122.000000,842.000000
821.000000,236.000000,732.000000
774.000000,338.000000,601.000000
725.000000,430.000000,453.000000
651.000000,458.000000,336.000000
526.000000,307.000000,282.000000
392.000000,3.000000,250.000000
235.000000,-264.000000,172.000000
145.000000,-355.000000,44.000000
145.000000,-327.000000,-99.000000
129.000000,-232.000000,-237.000000
